1480429802,772.8772,773.3800,772.0400,772.0400,33400
1480429874,770.1400,773.6541,770.0200,773.2700,49900
1480429923,770.9050,771.7200,770.4900,770.4900,6100
1480429989,768.9200,770.3200,768.9050,770.3000,9000
1480430042,769.7955,769.7955,768.2400,768.9600,10200
1480430100,769.6400,769.9700,768.3800,769.1200,9100
1480430163,770.6100,770.8300,769.3000,769.9700,9000
1480430278,772.1700,772.1700,770.4200,771.1300,6000
1480430283,772.1650,772.1700,770.8700,771.5316,11300
1480430347,771.5300,772.1700,771.0200,771.8500,6400
1480430402,771.4400,772.2350,770.4900,771.2400,5800
1480430469,772.6000,772.6000,771.4100,771.4300,5000
1480430520,771.5100,772.6500,771.4400,772.4180,12000
1480430601,771.6750,771.9499,771.4900,771.9499,1400
1480430640,772.1690,772.7999,771.5300,771.5300,5000
1480430700,773.2500,773.2500,771.3600,771.9600,13700
1480430778,772.0100,773.1900,771.7000,773.1900,4100
1480430875,772.2345,772.8400,771.2980,771.6700,9100
1480430880,772.0800,772.6900,771.6776,772.6900,7000
1480430945,770.5900,771.7700,770.0300,771.7700,7300
1480431000,770.6500,771.5600,770.6500,770.9900,1900
1480431060,770.8000,771.7800,770.2300,771.2900,5000
1480431127,771.0300,771.7050,771.0300,771.5764,1100
1480431199,771.2900,771.4300,771.1800,771.1800,2100
1480431253,771.9900,772.0200,770.8000,771.1775,7600
1480431311,771.3700,772.0100,771.2880,771.9600,5900
1480431395,772.1592,772.2400,771.6800,771.6800,1800
1480431433,772.3708,772.5600,772.1050,772.1050,7300
1480431481,772.2214,772.6613,772.0000,772.6613,2600
1480431540,772.3700,772.5300,771.9700,771.9750,3700
1480431602,772.4400,772.4400,771.7100,772.3400,5700
1480431664,772.3700,772.8900,772.3700,772.5600,3000
1480431756,771.6952,772.5500,771.6952,772.5500,2200
1480431783,771.7450,772.0000,771.6217,771.7400,1300
1480431846,772.2028,772.6542,772.0700,772.0700,2700
1480431916,772.3050,772.4000,772.1900,772.4000,700
1480431962,772.3700,772.3700,772.0000,772.1729,3700
1480432021,772.2800,772.8676,772.1300,772.1300,4000
1480432106,772.8000,772.8000,772.5300,772.7250,600
1480432140,773.1300,773.1300,772.5600,772.5850,13700
1480432216,772.7700,773.0700,772.6000,772.8100,2000
1480432265,771.8400,773.1100,771.7800,772.7300,12500
1480432326,772.9100,772.9100,771.7600,771.8300,3000
1480432412,772.9300,773.0000,772.7200,772.9500,1300
1480432448,773.2100,773.6000,772.8000,773.3000,16200
1480432508,772.6400,773.2100,772.6400,773.1900,2100
1480432613,772.1300,772.7550,772.1300,772.6000,1300
1480432620,771.6400,772.0500,771.5000,772.0500,5300
1480432692,772.3900,772.7000,772.0000,772.1000,3500
1480432753,772.2900,772.2900,772.0900,772.0900,600
1480432818,773.7000,773.7300,772.2950,772.2950,3100
1480432864,773.6200,773.8750,773.0700,773.8750,4100
1480432931,773.1950,773.3788,772.9900,773.3381,2100
1480432986,773.3700,773.5300,773.0109,773.2400,6900
1480433042,772.5500,773.6270,772.5500,773.4800,7900
1480433111,772.6800,773.0500,772.6800,772.6900,1500
1480433161,772.5100,773.0495,772.5000,772.5700,10800
1480433225,773.0400,773.0400,772.9900,772.9900,1200
1480433292,773.0300,773.0700,772.2100,772.8000,9200
1480433343,773.4200,773.4200,773.1200,773.1200,1800
1480433405,773.7800,773.7800,773.5593,773.5800,2200
1480433462,774.2600,774.7399,773.8500,773.8500,6200
1480433523,774.0300,774.0600,774.0200,774.0200,1400
1480433621,773.8926,774.0180,773.8926,774.0180,1100
1480433659,773.3800,773.7500,773.3800,773.7500,900
1480433714,773.3380,773.3380,773.3380,773.3380,700
1480433777,773.6700,773.8500,773.6100,773.6200,2900
1480433820,773.7600,773.8200,773.2801,773.6000,2300
1480433880,773.7400,774.0500,773.7118,773.7900,2200
1480433986,773.6939,773.6939,773.6939,773.6939,200
1480434000,774.1800,774.2800,773.8800,773.9500,2300
1480434080,774.1400,774.6100,773.9900,774.0000,3900
1480434126,774.1290,774.1500,773.9200,773.9800,3000
1480434182,773.7800,774.1500,773.7800,774.1500,1900
1480434247,774.2500,774.8000,774.1700,774.1700,3300
1480434305,774.4700,774.6800,774.4700,774.4700,1400
1480434362,774.4000,774.5300,774.3300,774.5300,1200
1480434420,774.5100,774.5100,774.3200,774.3200,2200
1480434480,775.2800,775.2800,774.4800,774.6000,9700
1480434542,775.5200,775.8130,775.3100,775.3100,2200
1480434602,775.3100,775.8248,775.3100,775.6400,2700
1480434660,775.5699,775.5699,775.2769,775.4200,1300
1480434770,775.5100,775.5100,775.5100,775.5100,100
1480434783,774.7300,775.1500,774.6800,775.1500,1800
1480434876,774.7200,774.7200,774.4600,774.4600,300
1480434912,775.2500,775.2600,774.7400,774.7400,2000
1480434982,775.5700,775.5700,775.5000,775.5000,800
1480435022,775.6900,775.9000,775.5151,775.5151,4500
1480435081,775.5000,775.7600,775.4300,775.7500,3800
1480435141,775.4350,775.4350,775.3200,775.3256,500
1480435202,775.3300,775.6500,775.2100,775.6500,1400
1480435260,775.5000,775.5700,775.0600,775.1600,3600
1480435335,774.8700,775.3060,774.8700,775.3060,2400
1480435387,774.8800,775.1400,774.3100,774.8300,3600
1480435471,775.3048,775.3048,775.0000,775.0000,1000
1480435560,775.0356,775.2109,775.0000,775.0717,1000
1480435638,775.1400,775.5700,775.1400,775.2600,1800
1480435689,775.2350,775.3500,775.0700,775.1100,2100
1480435761,775.0600,775.3100,775.0600,775.3100,900
1480435805,775.0000,775.0400,774.8200,774.8200,1700
1480435870,774.3100,775.1006,774.3100,775.1006,2400
1480435921,774.8225,774.8800,774.3800,774.4300,1500
1480435995,774.9800,774.9800,774.7400,774.7400,400
1480436040,775.3800,775.3800,774.9400,774.9400,1100
1480436115,775.2214,775.2500,774.9750,774.9750,900
1480436167,775.2196,775.2196,775.0100,775.1350,2000
1480436220,774.3900,774.9550,774.3900,774.9550,900
1480436281,774.3500,774.8099,774.3500,774.6000,2800
1480436355,773.9084,774.3200,773.8300,774.2600,4000
1480436414,773.9900,774.0220,773.6700,773.8000,5400
1480436462,774.6600,774.6600,773.9705,773.9705,4900
1480436522,774.6670,775.0400,774.4400,774.8300,3300
1480436586,775.0000,775.0900,774.6712,775.0900,500
1480436653,774.8875,774.8875,774.7600,774.7600,2000
1480436700,775.0780,775.1800,775.0700,775.0700,1300
1480436760,775.0984,775.2200,775.0000,775.1550,2100
1480436832,775.4750,775.7000,775.0300,775.2475,4200
1480436900,776.2600,776.2600,775.5403,775.5403,4300
1480436947,776.1650,776.3300,776.0300,776.1800,1600
1480437013,776.3600,776.3600,776.1850,776.1850,2100
1480437074,776.4400,776.5500,776.4150,776.5000,1800
1480437123,777.1500,777.1500,776.4324,776.5200,5000
1480437186,777.1000,777.2600,776.8000,776.8000,2400
1480437251,777.1083,777.1083,776.9600,776.9600,1000
1480437311,776.9000,777.4000,776.9000,777.2800,4600
1480437370,776.9000,776.9000,776.8600,776.8600,500
1480437422,776.5500,776.7600,776.3610,776.4719,3600
1480437538,777.3900,777.3900,776.6600,776.9603,5000
1480437543,777.3000,777.4800,777.0500,777.4400,1200
1480437601,777.4600,777.4600,777.1375,777.3100,3900
1480437660,778.0400,778.0400,777.2125,777.3200,6600
1480437729,777.9000,778.4314,777.7900,778.0750,5000
1480437786,778.0155,778.1338,778.0155,778.1338,1000
1480437857,778.0900,778.3200,778.0450,778.1900,3400
1480437901,777.9000,778.3300,777.9000,778.3300,4100
1480437960,777.9650,777.9800,777.8798,777.9800,1800
1480438020,777.4600,777.9900,777.4600,777.9500,2500
1480438089,777.3400,777.4650,777.2400,777.4650,600
1480438161,777.6500,777.6500,777.4900,777.4900,500
1480438201,777.6500,777.8900,777.5050,777.7500,2300
1480438264,777.6322,777.6700,777.4700,777.6600,1100
1480438322,777.8513,778.0500,777.6300,777.6300,6200
1480438430,777.9400,778.0903,777.9400,778.0700,500
1480438444,777.9900,777.9900,777.5605,777.8900,1900
1480438533,777.9017,777.9017,777.8850,777.8850,900
1480438566,778.0650,778.0650,777.7800,777.8672,2000
1480438630,777.9000,778.1400,777.7000,777.9600,5300
1480438688,778.1786,778.2300,777.5600,777.6000,5700
1480438741,778.4504,778.5000,778.0200,778.1800,2500
1480438805,778.0000,778.3181,777.7600,778.1900,2700
1480438860,777.5600,778.0400,777.3800,777.8247,3500
1480438928,777.7800,777.9900,777.3600,777.5300,2300
1480439073,777.5000,777.6000,777.4600,777.5150,1800
1480439100,777.3900,777.3900,777.3900,777.3900,800
1480439185,777.5200,777.5200,777.1200,777.1200,1800
1480439233,777.2721,777.2721,777.2721,777.2721,300
1480439281,777.6000,777.6000,777.1950,777.1950,600
1480439398,777.2840,777.2840,777.1784,777.1784,1500
1480439402,777.0300,777.3290,777.0300,777.3290,1700
1480439464,777.2850,777.5700,777.0000,777.2300,4500
1480439522,777.6603,777.6603,777.2600,777.2600,1700
1480439581,777.7700,777.7700,777.3701,777.5300,1900
1480439685,778.0500,778.0500,777.9900,777.9900,700
1480439731,777.5600,777.8100,777.5600,777.7300,1700
1480439762,777.8900,777.8900,777.5600,777.7600,2800
1480439899,777.7600,777.8218,777.7300,777.7300,1200
1480439944,777.2295,777.7300,777.2295,777.7300,2400
1480440015,777.4400,777.4400,777.2900,777.2900,1700
1480440061,777.4900,777.5900,776.9605,777.3500,9500
1480440234,777.1200,777.2300,777.1200,777.2300,700
1480440271,777.1300,777.1300,777.0200,777.0800,1400
1480440341,777.3500,777.3500,777.2900,777.2900,700
1480440369,777.2056,777.2300,776.8800,777.1100,2600
1480440420,777.2221,777.4400,777.1195,777.2200,2900
1480440506,777.5900,777.9500,777.3800,777.4500,1200
1480440554,777.6200,777.6200,777.5010,777.6200,600
1480440607,777.9800,777.9800,777.9800,777.9800,400
1480440660,777.9100,777.9100,777.6500,777.6600,1500
1480440727,778.0650,778.2000,777.9500,777.9600,5200
1480440810,777.6800,777.8611,777.3800,777.8611,5400
1480440864,777.3400,777.5100,777.3300,777.3300,1400
1480440904,777.4300,777.5900,777.4300,777.5900,600
1480440976,777.4600,777.5134,777.2800,777.5134,2100
1480441054,777.1900,777.3800,777.1900,777.3800,300
1480441098,777.4170,777.5600,777.1600,777.1600,1700
1480441146,777.1600,777.3500,777.0200,777.1800,1800
1480441248,777.0300,777.0300,777.0300,777.0300,500
1480441279,777.1000,777.1100,777.1000,777.1100,900
1480441335,777.2600,777.2800,777.2200,777.2200,1700
1480441381,777.3120,777.3120,777.2500,777.2500,1200
1480441449,777.1500,777.2100,777.1500,777.2100,600
1480441500,777.3100,777.3900,777.3100,777.3900,300
1480441562,777.5500,777.5500,777.2450,777.2450,3200
1480441657,777.6200,777.8400,777.4800,777.8400,2800
1480441713,777.3798,777.5000,777.3798,777.5000,2200
1480441752,777.6500,777.6500,777.3000,777.3000,2100
1480441807,777.5000,777.6400,777.3600,777.6400,1300
1480441864,777.1924,777.4750,777.1924,777.4750,600
1480441926,777.3000,777.5400,777.2300,777.2300,2400
1480442011,777.0700,777.1000,777.0700,777.1000,1100
1480442048,776.7815,776.8167,776.7815,776.8167,400
1480442114,776.9600,777.1900,776.8800,777.1200,3300
1480442180,776.8900,776.8900,776.8900,776.8900,500
1480442230,776.5800,776.9100,776.5800,776.7900,1700
1480442280,777.1800,777.1800,776.7300,776.7300,2500
1480442346,777.0001,777.0001,776.8393,776.8393,600
1480442406,777.2200,777.2200,777.1700,777.2000,1500
1480442464,777.4800,777.4800,777.2700,777.2700,300
1480442546,777.2700,777.4800,777.0700,777.3600,1000
1480442660,777.4100,777.4100,777.4100,777.4100,100
1480442719,777.6600,777.6600,777.2924,777.2924,2200
1480442766,777.6200,777.6945,777.5600,777.6204,1400
1480442839,777.6400,777.6400,777.5400,777.5400,1300
1480442893,777.8300,777.8300,777.6900,777.6900,700
1480442952,777.9000,777.9000,777.8000,777.8000,300
1480443006,777.9800,778.0000,777.5900,777.5900,1600
1480443062,777.7897,778.0000,777.6100,778.0000,4100
1480443123,777.8400,777.8400,777.6200,777.6200,2100
1480443185,777.7300,777.7900,777.7000,777.7000,900
1480443241,777.6812,777.7400,777.5500,777.6600,2800
1480443362,777.5800,777.5800,777.5800,777.5800,300
1480443430,778.1300,778.1300,777.6601,777.7462,5800
1480443550,778.0750,778.0750,777.8720,777.8720,1000
1480443627,777.8700,777.8700,777.7300,777.7700,2000
1480443680,778.0300,778.0500,777.7700,777.7700,2300
1480443736,777.8580,778.0050,777.7000,778.0000,1600
1480443784,777.7900,777.7900,777.7900,777.7900,600
1480443894,777.6700,777.6700,777.6700,777.6700,200
1480443929,777.6800,777.8400,777.6300,777.8128,2100
1480443966,777.5300,777.7899,777.5300,777.5690,900
1480444022,777.2800,777.5500,777.0200,777.5500,4800
1480444132,777.0810,777.0900,777.0810,777.0900,500
1480444146,777.2400,777.2400,777.0600,777.0600,600
1480444222,776.8300,777.0225,776.8300,777.0000,1900
1480444269,776.6800,776.9700,776.5200,776.5800,1000
1480444340,776.3800,776.6900,776.3800,776.6500,2700
1480444383,775.8400,776.5800,775.6900,776.5400,15500
1480444449,775.9700,776.1000,775.9000,776.0600,1600
1480444520,775.9100,776.0200,775.7100,775.8800,2000
1480444563,775.9300,776.1056,775.7600,775.7600,3300
1480444625,775.9800,776.1300,775.7600,776.0300,4500
1480444737,775.5800,776.0500,775.5800,775.9100,1600
1480444742,775.5700,775.7250,775.2420,775.6800,7300
1480444804,775.8500,775.9800,775.5800,775.5800,2300
1480444862,776.1500,776.1500,775.8200,775.8200,2300
1480444923,776.4800,776.4800,776.0350,776.2000,5700
1480445005,776.5400,776.5400,776.2000,776.3000,2000
1480445040,776.4500,776.6300,776.4050,776.4900,5000
1480445112,776.9400,776.9450,776.6300,776.6300,2400
1480445161,776.5600,777.0000,776.5600,776.9600,1000
1480445223,777.0600,777.0600,776.7100,776.7700,1500
1480445284,776.8800,777.0000,776.7000,776.9600,2400
1480445352,776.8010,776.8800,776.8010,776.8300,1200
1480445409,776.8000,777.1100,776.8000,777.1100,700
1480445469,776.6900,777.0400,776.6800,776.8745,5800
1480445532,776.7000,776.9200,776.7000,776.8700,700
1480445581,776.7700,776.8700,776.6900,776.6900,1700
1480445646,776.9300,776.9300,776.7500,776.7500,1700
1480445701,776.7400,776.9300,776.7400,776.8000,3100
1480445761,777.3140,777.7000,776.8900,776.9200,5100
1480445877,777.7450,777.7450,777.7450,777.7450,100
1480445904,777.9750,777.9750,777.4400,777.4800,6800
1480445947,777.0900,777.7550,777.0900,777.6488,2600
1480446017,777.0300,777.0400,776.7400,776.7400,1500
1480446103,776.6500,776.6500,776.6500,776.6500,100
1480446128,776.7100,776.8600,776.6300,776.6300,700
1480446189,776.6700,776.8750,776.6500,776.6500,1600
1480446268,777.2000,777.3800,776.9400,776.9400,3500
1480446325,777.7047,777.7047,777.2360,777.2360,1500
1480446364,777.3620,777.5900,777.2600,777.5900,1900
1480446428,777.3100,777.4766,777.1900,777.4766,900
1480446484,777.3200,777.3200,776.9933,776.9933,600
1480446555,776.9000,777.1100,776.8900,777.1100,900
1480446676,776.9300,777.0101,776.9300,776.9500,1200
1480446724,777.1500,777.1700,776.9400,777.0300,1800
1480446796,777.2650,777.4300,777.0410,777.1700,5300
1480446845,777.1600,777.4800,777.1600,777.2700,2600
1480446977,776.5500,777.1397,776.5500,777.1100,2900
1480447020,776.8250,777.0900,776.6500,776.6500,2800
1480447083,776.4100,776.7690,776.4100,776.7690,1500
1480447144,776.3800,776.7425,776.2800,776.4656,1200
1480447258,776.1900,776.5600,776.1600,776.5600,2500
1480447267,776.1300,776.5870,776.1300,776.5870,500
1480447329,776.1500,776.5523,776.1500,776.5523,1200
1480447407,776.3500,776.4000,776.2000,776.2000,1300
1480447448,776.3200,776.5700,776.2900,776.3900,4600
1480447512,776.2800,776.3224,776.2300,776.2300,600
1480447562,776.1972,776.4025,776.0700,776.3900,2100
1480447627,775.7500,776.3550,775.7500,776.2800,2800
1480447721,775.7500,775.8475,775.7500,775.7800,800
1480447748,775.8234,775.8234,775.6200,775.6200,1300
1480447828,776.2372,776.2600,775.8210,775.8210,7400
1480447884,776.0900,776.4680,776.0900,776.3252,2000
1480447937,776.3300,776.5100,776.2400,776.2400,1300
1480448035,776.4450,776.4450,776.0900,776.3650,1400
1480448050,776.0400,776.0500,776.0400,776.0500,600
1480448111,775.9800,776.0900,775.8264,775.8264,7300
1480448161,776.0269,776.0500,776.0269,776.0500,500
1480448226,776.0042,776.0300,775.8800,775.9200,1600
1480448290,776.0989,776.1600,775.8700,776.0170,1000
1480448365,775.7700,775.9080,775.7700,775.9080,2000
1480448406,775.9400,775.9400,775.6500,775.7200,2100
1480448464,776.2373,776.4399,776.0800,776.0800,1700
1480448523,776.0634,776.1908,776.0634,776.1908,800
1480448580,775.7200,776.1900,775.7100,776.1900,3800
1480448646,775.7000,776.1200,775.7000,775.7240,2300
1480448711,775.9000,776.1000,775.8010,775.8010,2400
1480448776,775.6400,776.0900,775.6400,776.0900,2500
1480448840,775.8100,776.0000,775.6500,775.6651,3000
1480448940,775.6200,775.7800,775.6200,775.7100,1300
1480449005,775.7312,775.7700,775.6776,775.7300,2300
1480449060,775.1600,775.6750,775.0700,775.6300,4700
1480449135,774.8800,775.1900,774.7500,775.0800,5900
1480449181,775.3150,775.5250,774.8300,774.9356,5300
1480449255,775.3800,775.8900,775.3800,775.4300,4300
1480449329,775.4050,775.4050,775.3400,775.3400,400
1480449360,775.0300,775.2100,774.9800,775.2100,2700
1480449421,775.0800,775.2650,774.8270,775.0200,5300
1480449481,774.8000,775.2000,774.8000,775.2000,4400
1480449540,774.6800,774.7600,774.3600,774.7600,3000
1480449600,774.3292,774.6900,774.2900,774.6900,3100
1480449716,774.4300,774.6500,773.7410,774.2000,3800
1480449720,774.1100,774.4100,773.7600,774.4100,5200
1480449782,773.9700,774.0900,773.7300,774.0900,2800
1480449851,773.5600,773.8400,773.5000,773.8400,1900
1480449900,773.6800,774.0000,773.6532,773.7700,2300
1480449975,773.6500,773.9700,773.6200,773.9700,1300
1480450020,773.7400,773.7400,773.2300,773.5000,5600
1480450082,773.3450,773.7500,773.3243,773.6147,7800
1480450151,773.7900,773.7900,773.4500,773.4500,2600
1480450209,773.4500,773.9100,773.2800,773.5500,5500
1480450277,772.7754,773.2300,772.7754,773.2300,2300
1480450326,772.8052,772.8145,772.5900,772.7300,1400
1480450388,772.5100,772.8602,772.5000,772.7699,4200
1480450457,772.5000,772.6800,772.5000,772.6800,900
1480450538,772.9400,773.1000,772.7200,772.7200,2600
1480450561,772.9361,773.1700,772.6450,772.7800,2600
1480450623,772.5474,772.7000,772.4100,772.6900,2600
1480450684,772.0200,772.5000,771.9700,772.4800,6400
1480450750,772.1700,772.1700,771.8300,771.9300,2000
1480450830,771.9500,772.1000,771.7600,772.0100,2700
1480450871,772.0000,772.2200,771.9900,772.0800,12300
1480450920,772.3900,772.6950,772.0609,772.0609,3600
1480450990,772.1878,772.5072,772.1550,772.4000,3700
1480451062,772.3300,772.3300,772.0600,772.0600,1700
1480451103,772.4991,772.4991,772.0500,772.2421,2400
1480451172,772.1300,772.6150,772.1300,772.5000,1800
1480451233,772.1900,772.1900,772.1100,772.1100,1000
1480451286,772.1950,772.3100,771.8100,772.2216,5200
1480451394,772.5200,772.5200,772.1000,772.2298,1700
1480451401,771.9700,772.5499,771.9700,772.5499,2100
1480451474,771.6575,771.8700,771.6575,771.7600,2200
1480451534,771.7900,771.8000,771.4541,771.6478,6300
1480451585,772.0000,772.2000,771.8650,771.9950,1900
1480451640,772.2000,772.5000,771.9620,772.0650,17600
1480451703,772.0300,772.6100,772.0300,772.3400,4800
1480451767,772.1300,772.2616,772.0750,772.2616,800
1480451820,772.3900,772.6600,772.1400,772.1400,3400
1480451882,772.4500,772.5700,772.2050,772.4700,4100
1480451942,772.0539,772.7500,771.9500,772.4700,6300
1480452003,771.9475,772.2100,771.8500,771.9450,5400
1480452065,772.1400,772.2400,771.9000,772.1800,1300
1480452128,771.8100,772.1200,771.5500,771.9100,7000
1480452188,771.9600,772.0300,771.9600,772.0200,1000
1480452245,771.8600,772.4315,771.8600,772.0700,4200
1480452302,771.3900,771.8400,771.3900,771.8400,2800
1480452368,771.3880,771.5328,771.1400,771.5328,4100
1480452423,772.0700,772.1300,771.3850,771.4600,5200
1480452482,771.4100,772.1032,771.4100,772.1032,2400
1480452551,771.9600,772.1790,771.6250,771.6250,5500
1480452600,771.7200,772.0000,771.5600,771.8100,5500
1480452669,771.9400,772.1700,771.9000,771.9200,8900
1480452727,772.3500,772.3500,771.8500,771.9500,7400
1480452781,771.9450,772.2900,771.8900,772.1400,9600
1480452841,771.9000,772.1460,771.7700,771.9500,18200
1480452906,771.9036,772.0500,771.7700,771.8600,7900
1480452960,772.0500,772.0500,771.7450,771.8950,17800
1480453022,771.7600,772.1200,771.7000,772.0100,5100
1480453080,771.2700,771.8500,770.8000,771.7300,28900
1480453143,770.8500,771.8800,770.4700,771.2900,50000
1480453200,770.8400,770.8400,770.8400,770.8400,215200
1480516225,769.5400,769.5400,769.0200,769.1100,66900
1480516278,769.0300,769.0900,767.3400,767.5250,9900
1480516323,770.0000,770.6913,768.9850,768.9996,8500
1480516380,769.3600,770.0000,769.0200,769.7600,5200
1480516445,769.3900,769.3900,768.7600,769.2400,6700
1480516503,769.7600,770.8700,769.1500,769.4800,5800
1480516564,770.0200,770.0200,768.8500,769.5450,8300
1480516623,770.8400,770.8400,769.6100,769.8600,5300
1480516684,770.4100,771.1000,770.4100,771.0000,4400
1480516742,770.6600,771.3400,770.0700,770.7700,4900
1480516803,771.1080,771.8150,770.5900,770.6700,4700
1480516861,772.1500,772.4200,771.1240,771.2050,6000
1480516920,772.5600,772.9900,772.0700,772.6300,5300
1480516990,771.6600,772.3700,771.1300,772.3700,6700
1480517040,772.5500,772.5900,771.3300,771.3300,3700
1480517107,771.5353,772.7800,771.4300,772.4300,6000
1480517166,772.3016,772.3016,771.0300,771.4300,2000
1480517229,771.0000,771.9100,771.0000,771.7900,5200
1480517289,770.9500,771.0500,770.0000,770.8500,7600
1480517350,770.6200,770.6200,769.9200,770.3000,6300
1480517408,769.7648,770.4000,769.5300,770.4000,13700
1480517466,769.5000,769.6600,769.0000,769.3750,3400
1480517529,769.4000,769.5400,769.3000,769.4800,4200
1480517580,769.4833,769.5992,768.8500,769.1600,28200
1480517651,769.7450,769.7600,768.9900,768.9900,4500
1480517701,770.6500,770.7700,769.9900,769.9900,14700
1480517760,770.0068,770.4500,769.7310,769.9210,8800
1480517821,770.2460,770.5500,769.7350,769.7350,8900
1480517891,770.3700,770.8000,770.3700,770.7500,2500
1480517941,769.7100,770.2700,769.7100,770.2700,21700
1480518024,770.0100,770.1950,769.6150,769.6550,6900
1480518062,769.7100,770.1000,769.6360,770.0845,10100
1480518121,769.8800,770.1900,769.6700,769.7400,15200
1480518184,769.8050,769.8400,769.5500,769.7800,3000
1480518249,769.6900,769.8000,769.5400,769.7800,1500
1480518306,769.6400,769.6400,769.3920,769.4500,3000
1480518366,769.0000,769.5225,769.0000,769.3700,3700
1480518428,769.7400,769.7400,769.3500,769.5000,3300
1480518492,769.3700,769.6500,769.2000,769.5300,3200
1480518550,770.8050,770.8050,769.3500,769.3500,15000
1480518606,770.3800,770.7599,770.3800,770.6750,800
1480518662,770.4350,770.6535,770.0400,770.5400,4500
1480518733,770.5700,770.5700,770.0000,770.0400,6800
1480518784,770.3275,770.7500,770.3275,770.6900,3800
1480518846,769.7050,770.1738,769.4100,770.1738,7300
1480518915,769.2400,769.4650,769.1000,769.4650,5100
1480518961,768.7615,769.4020,768.5000,769.3200,10200
1480519025,768.7700,768.8250,768.7000,768.7000,10200
1480519088,769.0400,769.0500,768.7700,768.9200,6200
1480519141,768.4500,768.8100,768.4200,768.7300,6500
1480519202,768.5000,768.6500,768.2801,768.5000,8700
1480519273,768.3993,768.7700,768.3993,768.6200,3100
1480519333,766.6250,768.1500,766.3400,768.0832,14600
1480519382,766.3200,766.6439,765.9500,766.6200,5200
1480519448,765.3200,766.0300,764.7700,766.0300,8900
1480519500,765.3700,765.4900,765.1497,765.2600,5300
1480519563,765.0141,765.5200,764.8200,765.5100,6000
1480519628,765.7606,765.9400,765.0203,765.0203,6200
1480519694,765.4300,765.8600,765.4300,765.7244,6400
1480519745,765.9400,766.1400,765.4900,765.4900,12900
1480519856,765.8800,766.1300,765.7500,765.7800,3400
1480519860,765.5900,765.8650,765.5900,765.8650,4900
1480519924,765.4800,765.5900,765.3300,765.5250,6100
1480519988,765.1500,765.4799,765.1500,765.3400,6200
1480520060,765.5000,765.8800,765.1701,765.2650,3200
1480520106,765.3041,765.8240,765.3041,765.8200,3300
1480520161,765.7900,765.7900,765.0900,765.2000,3000
1480520239,765.7000,765.7500,765.3800,765.3900,1800
1480520280,765.7100,766.1300,765.6500,765.7500,3400
1480520340,766.3000,766.3500,765.6700,765.9000,3800
1480520400,765.0800,766.2960,765.0800,765.9900,4200
1480520469,765.7400,765.7400,765.2500,765.4700,2900
1480520527,765.4800,765.7800,765.4800,765.6000,2100
1480520638,765.2900,765.5000,765.2900,765.5000,1000
1480520640,764.7900,765.7500,764.7900,765.7500,3600
1480520709,764.7400,764.8000,764.6100,764.8000,2500
1480520761,764.6200,764.8450,764.4300,764.6400,2100
1480520837,764.6100,764.8300,764.6100,764.8300,900
1480520890,764.7700,765.1500,764.7200,764.9500,4800
1480520942,764.5300,765.0000,764.5300,764.6500,3800
1480521028,764.6300,764.6300,764.6300,764.6300,300
1480521061,764.3100,764.8800,764.3100,764.6000,3800
1480521140,764.2950,764.4000,764.2000,764.3350,1900
1480521219,764.4129,764.4129,764.2100,764.2100,1200
1480521272,764.2900,764.4100,764.1637,764.2800,2800
1480521314,764.3700,764.3800,764.0700,764.0700,2700
1480521360,764.2857,764.2950,764.1800,764.2950,2300
1480521436,763.8300,764.4200,763.7000,764.4200,9900
1480521481,763.3800,763.8150,763.1900,763.7000,9600
1480521542,763.6800,763.7900,763.2000,763.4600,7300
1480521608,764.1380,764.1380,763.6700,763.6700,400
1480521661,763.2538,764.0000,763.2538,763.9800,2900
1480521731,763.6314,763.6314,763.3600,763.3600,900
1480521781,763.5518,763.7699,763.2310,763.2310,2900
1480521886,763.2300,763.2300,763.2300,763.2300,200
1480521908,763.8381,763.8381,763.7300,763.7599,1100
1480521974,764.5500,764.6700,764.3000,764.3000,1200
1480522039,765.6050,765.7400,764.8600,764.8600,5300
1480522082,764.9800,765.6900,764.5200,765.6900,4100
1480522155,765.1700,765.1800,764.5300,764.8600,1500
1480522203,764.5300,765.5900,764.5300,765.2950,4800
1480522292,764.4650,764.4650,764.3900,764.4518,900
1480522326,764.7750,764.7750,764.3001,764.5200,4300
1480522406,765.1592,765.1592,765.1592,765.1592,500
1480522445,764.9800,765.2700,764.7500,765.2700,2900
1480522501,764.8000,765.1900,764.8000,764.8300,2700
1480522582,764.5200,764.7950,764.5200,764.7950,600
1480522628,764.3300,764.7000,764.3000,764.7000,4500
1480522738,763.9350,764.3600,763.7100,764.2550,5800
1480522741,763.8200,764.0750,763.7500,763.8650,5900
1480522801,763.9100,763.9200,763.4500,763.9200,3200
1480522862,764.1600,764.2600,763.9500,764.0100,2500
1480522936,764.3300,764.4700,764.1350,764.4200,1400
1480522985,764.2500,764.4600,764.1000,764.3250,5100
1480523048,763.9000,764.3600,763.9000,764.3000,2900
1480523100,764.1100,764.2500,763.6831,764.0899,5200
1480523169,764.4500,764.5000,764.0300,764.0300,2300
1480523224,763.7999,764.2000,763.5100,764.2000,3100
1480523295,763.2700,763.2700,763.2001,763.2001,800
1480523347,763.0700,763.3800,763.0700,763.3100,4800
1480523404,762.7700,763.0165,762.7310,762.9400,4400
1480523473,762.2650,762.5676,762.2650,762.5676,2600
1480523532,762.1100,762.2500,762.0400,762.2500,5100
1480523584,761.9400,762.1600,761.8100,762.1500,18900
1480523658,761.9550,762.0550,761.9000,761.9100,3300
1480523702,761.7800,762.2400,761.7000,761.9000,6700
1480523763,761.9000,762.2350,761.7329,761.9300,4500
1480523821,762.2652,762.4948,762.0400,762.2000,2700
1480523914,762.1300,762.1300,761.9350,761.9500,1400
1480523940,761.6600,761.9598,761.5000,761.9480,10000
1480524009,761.9000,761.9700,761.5600,761.7809,2100
1480524066,761.6200,761.9500,761.5800,761.9400,7200
1480524129,762.0500,762.0600,761.5700,761.8200,9900
1480524180,761.8000,761.9200,761.6300,761.9100,2100
1480524240,761.8400,762.1399,761.3501,762.1399,5400
1480524319,761.2600,761.5800,761.2600,761.5500,3000
1480524361,761.1199,761.3000,760.6600,761.3000,12400
1480524423,760.4500,760.9980,760.2200,760.8700,5300
1480524480,760.4000,760.6800,760.3400,760.3400,18500
1480524543,760.2600,760.5700,760.2600,760.4200,1500
1480524606,758.2100,760.4000,758.2100,760.3400,34300
1480524667,758.4500,758.4500,757.7700,758.2600,16400
1480524779,758.1500,758.4700,758.1200,758.2601,5400
1480524781,758.4400,758.4400,757.9200,758.2500,17600
1480524844,758.2500,758.4150,758.2000,758.3700,4200
1480524902,757.9161,758.3500,757.8950,758.3500,5300
1480524964,757.6000,757.9000,757.5000,757.7500,7700
1480525021,757.8500,758.0200,757.5000,757.6960,2800
1480525086,757.5900,757.8750,757.5900,757.7400,1600
1480525141,756.8700,757.6500,756.5200,757.5700,10700
1480525203,756.7700,758.0099,756.7700,756.9800,5700
1480525260,756.6850,756.8650,756.2500,756.5800,4000
1480525323,756.6400,757.0750,756.6150,756.6150,3200
1480525388,756.3850,756.7200,756.2743,756.5200,5100
1480525443,756.3500,756.6650,756.1550,756.2200,4100
1480525507,755.7973,756.5000,755.6900,756.4145,7500
1480525565,755.0100,755.5600,755.0000,755.5600,10300
1480525621,755.1500,755.6804,754.8300,755.1300,19700
1480525690,755.5500,756.0300,755.0000,755.0200,3300
1480525740,756.4200,756.6800,755.9200,755.9200,4900
1480525800,756.6100,756.9600,756.1600,756.1600,3700
1480525875,756.7000,756.9300,756.5500,756.5795,4900
1480525923,756.6784,756.9124,756.6200,756.9068,3200
1480525983,756.5500,756.7265,756.5000,756.6200,3000
1480526041,755.9500,756.3600,755.7000,756.3600,2700
1480526159,755.7100,756.0000,755.6300,755.8100,4400
1480526160,755.9900,756.0700,755.7007,755.7007,2500
1480526234,755.9500,756.1056,755.8000,756.0500,1000
1480526291,756.4800,756.4800,756.0000,756.0300,2200
1480526346,756.8300,756.8300,756.4050,756.4200,6900
1480526400,757.3300,757.4900,756.6400,756.6400,11500
1480526462,757.2050,757.4800,757.2050,757.4150,3000
1480526527,757.5700,757.5700,757.1300,757.3000,2900
1480526623,757.5000,757.5500,757.5000,757.5500,1000
1480526648,757.4882,757.6401,757.2300,757.3500,1400
1480526711,757.6500,757.6700,757.4000,757.4400,3600
1480526760,757.7700,757.8800,757.4700,757.6900,2200
1480526823,757.9900,758.1700,757.7601,757.8200,2400
1480526886,758.0800,758.2700,758.0000,758.1100,4400
1480526981,758.0741,758.0741,757.9800,757.9800,900
1480527002,758.3300,758.4500,757.8100,758.0403,5300
1480527071,758.5671,758.5671,758.3200,758.4250,2800
1480527126,758.3570,758.3570,758.1900,758.2000,800
1480527184,758.3700,758.3700,758.3600,758.3600,700
1480527247,758.5900,758.5900,758.5400,758.5700,900
1480527365,758.6400,758.7900,758.5950,758.7900,900
1480527420,758.7100,758.7490,758.4000,758.7490,4400
1480527480,758.6600,759.2200,758.6600,758.7190,5500
1480527542,758.6500,758.7900,758.2400,758.5700,1500
1480527615,758.6800,759.1200,758.6800,758.8500,4800
1480527718,758.9600,758.9600,758.6300,758.6600,4100
1480527720,759.0700,759.0776,758.8600,758.9200,1700
1480527781,759.1400,759.3200,758.9400,759.0600,1200
1480527854,759.3000,759.3300,759.2100,759.2100,1800
1480527903,759.4200,759.5000,759.2700,759.2706,1600
1480527967,760.0000,760.0200,759.3200,759.5000,4200
1480528020,760.1300,760.4800,759.9100,759.9100,6200
1480528115,760.1000,760.1764,760.1000,760.1400,1000
1480528142,759.7585,760.0600,759.7585,760.0600,2700
1480528214,760.0800,760.0800,759.7715,759.8000,1800
1480528263,760.0800,760.1900,759.9800,760.1065,2700
1480528350,760.2300,760.2300,760.0584,760.0584,1400
1480528386,760.1000,760.4400,760.1000,760.4400,400
1480528447,760.8300,760.8300,760.1200,760.4100,4000
1480528506,761.1100,761.1100,760.4467,760.4467,4500
1480528567,761.0599,761.2500,760.8100,760.8100,2000
1480528633,761.4897,761.5300,761.1200,761.1200,1500
1480528686,761.7000,761.7000,761.3413,761.3413,1300
1480528771,761.2640,761.5700,761.2640,761.3200,3400
1480528824,760.9700,760.9900,760.7200,760.9119,3200
1480528872,760.6850,760.6850,760.3700,760.4900,700
1480528932,760.3200,760.7000,760.3100,760.7000,1300
1480528980,760.1500,760.5100,760.1500,760.3500,1000
1480529041,760.4500,760.5800,760.0400,760.0400,7700
1480529102,760.3400,760.3900,759.9000,760.3200,4900
1480529172,760.2600,760.2600,760.1100,760.2600,1200
1480529226,760.3700,760.3700,760.1950,760.3300,2800
1480529290,760.7300,760.7300,760.4200,760.4200,1000
1480529359,760.7700,760.7700,760.7700,760.7700,300
1480529408,761.0400,761.3800,760.4500,760.4500,2600
1480529469,760.9650,761.0200,760.5622,761.0200,2600
1480529560,760.9400,760.9400,760.7200,760.7200,200
1480529597,761.0400,761.0400,760.5740,760.9600,1900
1480529659,760.9234,761.1500,760.8500,760.8500,2200
1480529701,760.5100,761.2400,760.5100,761.2400,1300
1480529764,760.8100,760.9800,760.7832,760.7832,800
1480529825,760.7800,761.0150,760.7200,760.7500,1200
1480529883,760.8400,760.8400,760.6300,760.7000,1400
1480529946,761.0600,761.0600,760.4956,760.4956,2500
1480530000,761.3500,761.5020,761.0100,761.2050,4700
1480530082,761.0670,761.0670,760.9601,760.9601,1700
1480530134,760.7900,760.9100,760.7499,760.9100,900
1480530232,760.8900,760.9900,760.5900,760.7850,6000
1480530243,761.4200,761.4200,760.6200,760.6200,4200
1480530302,761.6800,761.6800,761.4200,761.4300,1500
1480530386,761.6100,761.6394,761.4100,761.6050,2000
1480530432,761.4000,761.7100,761.4000,761.5300,3600
1480530520,761.3991,761.3991,761.3991,761.3991,100
1480530552,761.0800,761.2850,761.0800,761.2850,500
1480530601,761.0200,761.1200,760.6400,760.6400,2200
1480530694,760.3800,760.6800,760.3050,760.6500,2800
1480530729,760.8400,760.9900,760.5000,760.5500,2800
1480530812,760.6540,761.0900,760.6540,761.0900,200
1480530887,761.1000,761.1100,760.7637,760.7637,1300
1480530903,760.8147,761.0750,760.8147,761.0750,400
1480530976,760.8700,761.0700,760.6800,760.7300,3000
1480531031,760.8000,760.8000,760.4500,760.4500,1600
1480531087,760.2720,760.6900,760.2720,760.5500,3400
1480531161,760.3100,760.4400,760.0700,760.4400,3700
1480531202,760.5500,760.5500,760.3000,760.3000,4800
1480531273,760.1400,760.4600,760.0500,760.4600,2500
1480531324,759.9400,760.1300,759.8500,760.1250,4500
1480531398,759.5700,759.8500,759.5700,759.8500,700
1480531441,760.0350,760.0350,759.7800,759.7800,2800
1480531507,759.8800,759.8800,759.6549,759.8800,4300
1480531560,760.1800,760.1800,759.5610,759.5610,6700
1480531679,760.1600,760.2000,759.9400,760.0800,9700
1480531682,760.8100,760.8100,760.0600,760.0600,6000
1480531741,760.5900,760.6900,760.3729,760.3729,3400
1480531803,760.8350,760.9850,760.2000,760.2200,8600
1480531867,760.6400,760.8700,760.5000,760.8200,5900
1480531920,760.5100,760.6900,760.3400,760.5900,4600
1480532038,760.9895,760.9895,760.4800,760.4900,11100
1480532040,760.7900,761.1995,760.7900,760.7965,9900
1480532110,760.6300,761.0028,760.6300,760.9600,3100
1480532179,760.6900,760.7000,760.1500,760.2667,1900
1480532242,761.0960,761.0960,760.6850,760.7600,1500
1480532305,760.9900,761.0100,760.8800,761.0000,1400
1480532349,761.0728,761.3000,760.9800,761.0600,3300
1480532407,760.9900,761.2600,760.9900,761.2600,1400
1480532462,760.2600,760.8122,760.2600,760.8122,4400
1480532529,760.7200,760.7795,760.2650,760.2700,5800
1480532580,760.6200,760.8700,760.5400,760.8020,10200
1480532697,760.0100,760.6100,760.0000,760.6100,3600
1480532703,759.4147,760.1300,759.4147,760.1300,4500
1480532763,759.5000,759.7000,759.3850,759.6300,12900
1480532821,759.7450,760.0517,759.2600,759.5900,26200
1480532884,759.5000,760.0895,759.4100,759.8800,10600
1480532956,759.8900,759.8900,759.2550,759.2550,8900
1480533002,759.6400,760.3095,759.4700,760.0200,10600
1480533095,759.5940,759.7600,759.5940,759.6300,1400
1480533128,759.3700,759.3800,759.3500,759.3500,1300
1480533181,759.0300,759.1600,758.9900,759.1600,2200
1480533250,758.9900,759.0200,758.7000,758.8100,4100
1480533303,758.9900,759.0600,758.6725,758.9700,13000
1480533363,759.7800,759.8950,759.0200,759.0200,3000
1480533477,760.3150,760.3550,759.4100,759.5950,17700
1480533480,760.0600,760.3995,759.8100,759.8900,8700
1480533541,760.6500,761.0000,760.2000,760.2000,13200
1480533605,760.5000,760.7450,760.1000,760.7450,4100
1480533674,761.2050,761.2100,760.6100,760.6700,2900
1480533730,760.5600,760.9800,760.0550,760.9800,8600
1480533785,760.5000,760.5100,760.2572,760.4900,2900
1480533861,760.5874,760.5874,760.4143,760.4143,600
1480533915,759.9000,760.2900,759.6801,760.2900,2000
1480533962,759.5800,760.0100,759.5700,759.8500,1500
1480534031,760.2000,760.4505,759.8700,759.8700,1800
1480534092,760.0200,760.3430,760.0200,760.3100,2000
1480534199,760.5000,760.5000,760.1500,760.1900,2500
1480534200,759.9550,760.7100,759.9550,760.5200,2500
1480534294,759.7300,759.9695,759.7300,759.9200,1800
1480534320,759.9800,760.1100,759.5005,759.5201,2900
1480534402,759.2800,760.0895,759.2800,759.9742,3800
1480534558,759.1600,759.4475,758.7615,758.7615,3200
1480534561,759.0500,759.2929,759.0500,759.0700,3900
1480534621,758.9600,759.1970,758.6573,758.6573,2900
1480534725,758.8550,759.0600,758.8550,758.9900,1100
1480534747,759.1200,759.1200,758.7500,758.8100,2700
1480534802,759.6900,759.8150,759.0000,759.0500,900
1480534861,759.3700,759.6800,759.3700,759.6800,1600
1480534953,759.8900,760.2400,759.6700,759.6700,2100
1480534994,760.0300,760.0300,760.0200,760.0200,700
1480535044,760.4300,760.4300,760.0600,760.0900,2800
1480535104,760.2800,760.4100,760.0550,760.4100,2500
1480535198,760.2701,760.6100,760.1900,760.1900,1400
1480535222,760.2400,760.5200,760.2350,760.5200,2600
1480535296,760.6700,760.6800,760.6200,760.6200,700
1480535351,760.5780,760.6900,760.2900,760.3200,3900
1480535402,760.6300,760.6300,760.5100,760.5100,500
1480535469,761.1400,761.1400,760.7600,760.7700,2000
1480535579,761.7200,761.7800,761.2199,761.2200,6200
1480535584,760.9700,761.7500,760.9500,761.7500,3900
1480535643,761.9900,762.0000,760.9800,761.1050,6600
1480535704,761.7700,762.3300,761.5800,761.5800,9200
1480535783,761.7900,762.1155,761.7900,762.1155,1700
1480535828,761.5700,761.8618,761.5700,761.8618,2000
1480535890,760.9500,761.8000,760.9500,761.7600,2000
1480535945,760.8700,761.0000,760.8000,760.8000,2400
1480536023,760.9600,761.4300,760.8900,760.8900,1500
1480536074,760.8700,761.2270,760.8600,761.2270,2000
1480536125,760.3300,760.7600,760.3300,760.7600,1100
1480536186,761.3503,761.5300,760.7100,760.8200,2900
1480536242,761.6250,761.6500,761.2000,761.5290,5800
1480536302,761.4000,761.6400,760.9500,761.3873,3200
1480536361,760.9800,761.2800,760.3300,760.9400,11500
1480536476,761.3800,761.3800,761.3800,761.3800,400
1480536482,761.1800,761.4800,760.7500,761.2000,8200
1480536570,760.9600,761.0100,760.6767,760.7600,2200
1480536616,760.4201,760.9500,760.4201,760.7400,1600
1480536667,760.6195,760.8300,760.3350,760.6250,6800
1480536724,761.1500,761.1500,760.6100,760.6100,3000
1480536791,760.9000,761.1800,760.8550,761.1799,2900
1480536843,761.0600,761.4100,760.8600,760.8800,5700
1480536922,761.3200,761.6100,760.9350,761.1300,3700
1480536960,761.0100,761.5700,761.0100,761.3100,2400
1480537020,760.7300,761.1000,760.7300,761.1000,2100
1480537080,760.7250,760.7910,760.3500,760.7910,5100
1480537198,760.4000,760.8000,760.4000,760.5800,3300
1480537201,761.0900,761.0900,760.4900,760.4900,3200
1480537261,761.2190,761.2881,761.1175,761.2881,1000
1480537348,761.5700,761.7900,761.2900,761.2900,4100
1480537381,761.4500,761.7900,761.3400,761.5750,3500
1480537453,761.2500,761.6300,761.0089,761.4100,2100
1480537500,761.2350,761.4350,761.0200,761.2300,6000
1480537570,761.4600,761.4600,761.1000,761.4300,4200
1480537626,761.7200,761.7200,761.1900,761.3220,3600
1480537687,761.2100,761.4550,761.2100,761.4550,2300
1480537798,761.2801,761.5500,761.2600,761.4000,1300
1480537801,761.4500,761.4500,761.3000,761.3000,1500
1480537860,761.1180,761.2979,760.3801,761.2979,5600
1480537929,761.2500,761.3900,760.7800,761.0900,4100
1480537980,761.0700,761.3000,760.8200,761.2136,6400
1480538052,761.2200,761.2200,761.0200,761.1600,2400
1480538115,760.9482,761.0300,760.8987,760.8987,2100
1480538164,761.0000,761.2200,760.9575,761.0900,2100
1480538225,760.8610,760.8900,760.8610,760.8900,600
1480538288,761.0500,761.2500,760.6200,760.8600,5500
1480538349,760.8634,761.3300,760.8000,761.2000,6500
1480538402,760.8000,760.8000,760.6100,760.8000,1800
1480538466,760.5278,760.7800,760.5278,760.6258,5400
1480538524,760.4300,760.6400,760.4300,760.5200,1100
1480538580,760.2500,760.5266,760.1401,760.4010,4000
1480538645,760.0700,760.3390,760.0700,760.2100,1900
1480538700,760.3600,760.5400,760.1297,760.2007,9700
1480538761,759.9392,760.4800,759.9392,760.4800,5700
1480538830,760.2100,760.2900,759.9550,760.0000,7600
1480538885,760.3900,760.4500,759.8000,759.8000,4700
1480538950,760.5300,760.7000,760.0800,760.2600,3400
1480539000,759.2900,760.3500,759.2900,760.3500,18900
1480539115,759.4000,759.5300,759.0000,759.2700,9500
1480539121,759.0400,759.6300,759.0000,759.4700,11300
1480539183,759.2632,759.7700,759.0000,759.2450,18200
1480539240,759.4900,759.9200,759.1900,759.1900,15700
1480539301,759.3800,759.8600,759.2700,759.7800,12200
1480539361,759.4400,759.8700,759.3100,759.3700,16100
1480539420,759.3800,759.7700,759.2100,759.6400,14400
1480539481,758.9100,759.5600,758.7000,759.4500,31100
1480539541,758.0800,759.3300,758.0000,758.7800,110800
1480539600,758.0400,758.0400,758.0400,758.0400,268600
1480602659,756.7300,758.0301,755.4600,758.0301,50900
1480602660,756.2299,757.9000,756.2200,756.9400,3800
1480602723,755.8300,756.2400,755.4400,755.6000,9300
1480602780,755.2550,756.0200,755.0000,755.6697,15800
1480602898,754.1900,755.1900,754.1900,755.0000,20800
1480602901,752.8300,754.5100,752.7800,754.5050,12400
1480602960,753.3275,753.9739,752.6800,752.6800,14100
1480603024,754.5080,755.0600,752.8440,752.9700,9500
1480603082,754.2750,754.5250,753.2650,754.5250,6700
1480603198,753.5700,754.2700,753.3000,754.1000,12100
1480603200,753.7900,753.7900,753.2000,753.5300,5700
1480603260,753.7450,753.9900,753.2000,753.2000,6700
1480603322,752.9616,753.7709,752.8000,753.7700,7400
1480603382,753.2600,753.3500,752.7900,752.9964,5300
1480603444,752.8000,753.8700,752.6500,753.6000,15800
1480603500,752.6500,753.2200,752.2900,752.7800,11600
1480603561,753.2213,753.4100,752.7510,753.0400,13300
1480603620,753.2100,753.6600,753.0100,753.0434,5600
1480603695,752.7700,753.4000,752.7700,753.2150,11000
1480603742,753.4400,753.9100,752.8150,752.9300,7400
1480603805,752.8300,753.6250,752.7000,753.5000,6900
1480603860,753.0100,753.0100,752.1550,752.5100,10800
1480603977,752.0200,753.0550,751.8900,753.0000,12600
1480603981,751.1800,752.1300,751.1800,751.8600,14000
1480604040,750.7400,751.6900,750.7400,751.4100,20900
1480604100,750.1897,750.9700,750.0000,750.8500,22100
1480604161,750.0700,750.3600,749.3800,750.2400,34400
1480604220,750.2900,750.4320,749.5100,749.8500,9400
1480604281,750.3900,750.5400,750.1100,750.4326,12100
1480604349,750.8200,750.8200,750.0800,750.5700,8500
1480604454,750.3000,750.7490,750.2100,750.6946,11500
1480604518,751.0700,751.7850,750.3550,750.4900,7100
1480604524,751.4300,751.5500,751.0100,751.0100,5700
1480604639,751.1100,751.5000,750.6600,751.3850,4000
1480604640,751.3300,751.6123,750.7000,751.0100,11300
1480604701,752.0750,752.3000,751.5000,751.5700,4800
1480604767,752.5400,753.3000,752.1954,752.2453,5100
1480604824,751.6300,752.6500,751.3600,752.3958,5100
1480604886,750.7000,751.5000,750.7000,751.4900,1800
1480604947,751.1900,751.7600,750.7100,750.7400,6300
1480605000,750.3000,751.1300,750.2500,751.0000,7500
1480605060,750.6400,751.0600,750.4850,750.4850,5300
1480605178,749.8000,750.8400,749.8000,750.6600,17600
1480605183,750.5207,750.6100,750.0000,750.0000,6900
1480605248,750.4100,750.5200,749.8100,750.2100,5600
1480605303,749.5000,750.1506,749.5000,750.0000,4600
1480605368,749.3000,749.3000,748.5300,749.0800,8100
1480605429,749.6200,749.6500,749.2700,749.4500,5600
1480605480,749.1000,749.9400,749.1000,749.5000,3000
1480605543,749.6800,749.7100,748.9201,749.3504,5000
1480605600,749.5600,749.9390,749.4800,749.7100,2900
1480605660,748.9700,749.8800,748.6587,749.6500,3900
1480605779,748.5900,748.8500,748.0000,748.8402,8600
1480605781,748.5900,748.7800,748.3000,748.3300,6300
1480605845,748.5332,748.8699,748.4000,748.4800,1900
1480605901,748.3000,748.6500,748.2700,748.6500,9800
1480605969,748.3800,748.4400,748.1000,748.2400,4500
1480606020,747.6400,748.3900,747.4800,748.3900,10500
1480606080,747.4788,747.7047,747.4200,747.5700,8300
1480606197,747.8100,747.8100,747.2600,747.3000,4400
1480606201,747.2700,747.8000,747.1000,747.6700,7900
1480606261,746.6100,747.4200,746.5700,747.3800,19100
1480606322,746.4203,746.7000,746.3300,746.6288,9500
1480606385,746.3000,746.6000,746.3000,746.5200,10500
1480606441,745.6750,746.3900,745.6300,746.2900,11400
1480606500,745.2300,745.9999,745.2121,745.9999,6000
1480606560,746.0018,746.0450,745.0100,745.1240,11500
1480606620,746.0500,746.6600,745.4900,745.7700,9400
1480606681,745.0255,745.8900,745.0100,745.7200,5000
1480606740,744.6700,745.3400,744.2000,745.1700,15000
1480606803,743.8450,744.5350,743.6200,744.4700,6100
1480606864,743.2500,744.0000,743.1700,743.9600,13000
1480606923,743.3200,743.8550,743.0700,743.3149,8000
1480606980,741.7400,743.5100,741.5610,743.4100,16200
1480607040,742.2700,742.9200,741.6850,741.9400,13100
1480607101,741.8200,742.4000,741.0600,742.0900,14300
1480607160,741.7500,742.1500,741.5900,741.6200,9100
1480607221,741.2103,742.0400,741.0900,741.6000,6100
1480607280,740.7700,741.2850,740.4505,741.0100,17900
1480607340,740.4847,741.1499,740.4100,740.7250,9700
1480607401,739.2200,740.6785,739.0700,740.6785,17000
1480607461,738.4700,739.4200,738.4000,739.0700,10200
1480607522,737.2675,738.7000,737.0245,738.3600,14900
1480607639,737.7600,738.2500,737.3500,737.4300,21700
1480607640,737.7800,738.2520,737.4900,737.7450,18600
1480607702,737.4534,738.0600,737.3600,737.8700,12500
1480607761,737.8700,738.3800,737.4255,737.6900,9500
1480607824,739.9000,739.9000,737.9100,738.0200,17900
1480607880,740.5000,740.8000,739.8000,740.0000,15500
1480607940,743.0689,743.0689,740.0000,740.7200,11900
1480608057,742.6100,743.2600,741.9697,743.1700,12400
1480608060,743.0401,743.3900,742.4000,742.9399,17100
1480608120,743.4532,743.5000,742.9000,743.2970,5600
1480608182,744.7800,744.7800,743.3452,743.3452,8500
1480608242,745.1900,745.1900,744.4300,744.7400,12900
1480608301,747.3500,747.5100,745.3200,745.3200,24600
1480608360,746.5100,747.4900,746.2101,747.3000,20300
1480608420,747.4900,747.4900,745.4000,746.2500,14900
1480608483,746.7000,747.0000,746.2700,747.0000,8000
1480608543,746.2572,746.7010,746.2572,746.6800,4300
1480608659,744.8100,746.0400,744.7000,746.0000,15900
1480608661,745.5000,745.7500,744.9000,744.9000,6100
1480608721,745.2000,745.3700,744.9350,745.0800,7400
1480608783,745.4100,745.7100,745.3550,745.4900,2800
1480608841,745.0200,746.3350,745.0200,745.7100,5100
1480608912,745.7200,745.7200,744.7500,745.0300,7700
1480608975,746.7790,746.7790,745.5840,745.6703,3800
1480609027,746.6500,746.9300,746.0650,746.2500,6300
1480609084,746.5700,746.9999,746.1250,746.6900,8600
1480609141,748.0253,748.2900,746.5800,746.5800,16200
1480609200,748.0000,748.1594,747.3400,748.1594,6300
1480609260,749.4450,750.0000,748.1100,748.4470,11800
1480609330,749.3900,749.9700,749.2300,749.7050,13200
1480609384,749.8100,749.8450,749.2000,749.4300,16100
1480609451,749.7150,749.7700,749.3900,749.4447,5800
1480609558,748.8600,749.6700,748.7700,749.5300,6700
1480609562,749.0400,749.2300,749.0400,749.0850,7400
1480609625,748.1300,749.1350,748.1300,749.1350,4600
1480609680,747.7303,748.7534,747.7303,748.0700,2300
1480609743,747.9619,748.0100,747.6720,747.7570,4700
1480609802,747.4000,748.2000,747.4000,747.9700,5700
1480609862,747.4400,747.4400,747.1100,747.3497,1300
1480609922,747.1400,747.4447,746.7500,747.2000,7900
1480609989,746.5500,747.3578,746.3200,746.7700,4000
1480610051,746.5300,746.6899,745.7500,746.3270,7100
1480610129,745.0100,746.6700,745.0100,746.6700,2800
1480610160,745.4000,745.5400,745.0000,745.0000,1600
1480610275,746.2200,746.3200,745.6100,745.6100,2900
1480610290,745.5980,746.2300,745.5980,746.0100,3200
1480610342,746.4200,746.4200,745.5100,745.5100,2700
1480610401,746.2300,746.4200,745.6500,746.2343,4700
1480610517,746.0100,746.3650,745.6500,745.7950,4600
1480610520,745.5200,746.0700,745.1100,745.8463,6200
1480610584,746.6200,746.6400,745.5250,745.6900,5100
1480610641,746.3000,747.1200,746.3000,746.6780,8300
1480610704,746.6450,746.6450,746.0000,746.2000,3900
1480610780,747.2300,747.4000,746.9200,746.9200,1800
1480610830,747.1700,747.5800,747.0300,747.4507,3500
1480610885,746.3467,747.0800,746.0663,746.8300,1700
1480610963,746.4495,746.6600,745.9800,746.5000,3800
1480611059,745.1950,746.3900,745.0200,746.3900,3900
1480611060,745.0050,745.3897,744.6200,745.3897,10000
1480611122,746.4297,746.4800,745.1566,745.1566,3100
1480611189,745.7350,746.3050,745.7350,746.0400,1200
1480611248,745.0700,745.7599,745.0700,745.6700,1500
1480611339,745.4197,745.4197,744.7400,745.0000,14200
1480611365,744.6300,745.3950,744.6200,745.3950,8200
1480611420,744.9875,745.1100,744.6200,744.8900,7800
1480611496,745.0200,745.1599,744.9861,745.0000,5200
1480611547,745.3300,745.4999,745.0000,745.0500,4300
1480611608,745.0000,745.2800,744.9300,745.2800,3000
1480611664,744.7850,745.0700,744.6300,744.9950,10100
1480611730,744.7490,744.9000,744.3400,744.8900,1800
1480611799,744.0200,744.3000,743.9100,744.0000,3500
1480611851,743.8676,744.0250,743.7500,744.0250,800
1480611902,744.0216,744.2500,743.6800,743.7700,12800
1480611980,745.3727,745.3727,744.3600,744.3600,2000
1480612039,746.6000,746.7800,745.5800,745.6000,1900
1480612080,746.5100,746.8909,746.5100,746.6180,3900
1480612144,746.8100,747.0800,746.6100,746.8500,6100
1480612200,746.8100,747.1600,746.6200,746.8300,3300
1480612261,746.0300,746.9300,746.0276,746.8800,6300
1480612332,745.9400,745.9400,745.6523,745.8400,3300
1480612381,745.6700,746.0200,745.6700,746.0150,2300
1480612454,745.7700,746.0050,745.4800,746.0050,2100
1480612504,745.7250,745.7888,745.4850,745.4850,1000
1480612605,745.5900,745.7200,745.5900,745.7200,200
1480612628,745.0600,745.7825,745.0000,745.4957,4700
1480612682,744.7000,745.1344,744.5350,745.0900,4800
1480612749,744.9800,745.0000,744.5700,744.6300,2000
1480612810,745.1900,745.2200,744.8752,744.8752,1900
1480612892,745.3800,745.5400,745.0750,745.0750,3000
1480612924,745.7350,745.7900,745.4647,745.4647,1300
1480612980,745.3700,745.9900,745.1300,745.9500,6000
1480613053,744.3000,745.0150,744.3000,744.8500,400
1480613121,744.8588,744.8588,744.3500,744.3600,1300
1480613193,744.3600,744.4500,744.3600,744.4500,1800
1480613231,744.2950,744.2950,744.2950,744.2950,300
1480613292,744.0100,744.2200,743.6001,744.2200,3000
1480613395,744.5575,744.5750,744.3100,744.3400,1600
1480613405,745.0900,745.0900,744.3000,744.4700,2200
1480613461,745.2100,745.7150,745.2100,745.2400,3300
1480613528,745.4150,745.5000,745.2000,745.2500,1500
1480613638,745.2700,745.5150,745.0920,745.1050,9300
1480613640,745.7640,745.7640,745.0200,745.0800,2800
1480613709,745.7900,746.2999,745.6950,745.8000,3800
1480613766,745.8499,745.8499,745.2600,745.5508,1800
1480613831,745.9700,745.9700,745.5900,745.5900,2200
1480613894,746.0950,746.3800,745.8100,746.0425,3200
1480613958,745.5250,746.1900,745.5250,745.8500,5900
1480614005,744.6000,745.5400,744.6000,745.5400,2100
1480614062,744.8900,745.0000,744.2379,744.6100,6600
1480614132,744.6950,744.9900,744.6950,744.9890,2100
1480614223,744.4000,744.7650,744.3500,744.7650,3600
1480614243,744.5078,744.5078,743.6000,744.2400,3900
1480614307,744.4900,744.4900,744.2500,744.2500,800
1480614366,744.2800,744.2800,743.8500,743.8500,900
1480614442,744.2699,744.2700,744.0150,744.0150,1700
1480614497,744.7000,744.8000,744.4950,744.7215,2300
1480614548,744.2000,744.9000,744.2000,744.9000,4700
1480614624,744.6000,744.6000,744.2100,744.5200,3700
1480614706,744.1533,744.2200,744.0100,744.2200,1900
1480614725,743.7400,744.0500,743.7400,743.8800,2000
1480614800,743.0100,743.4500,743.0100,743.3300,2700
1480614854,743.0200,743.2200,742.9700,743.2200,1700
1480614904,742.1700,742.9600,742.1700,742.7500,2500
1480614960,742.3740,742.4100,742.1900,742.1900,2100
1480615022,741.8000,742.5400,741.8000,742.5400,3200
1480615086,742.3668,742.6100,742.0000,742.0000,3300
1480615150,741.6650,742.3990,741.6650,742.1500,8800
1480615202,741.5000,741.6600,741.3400,741.6600,2100
1480615262,741.8000,742.0000,741.2800,741.2800,4600
1480615360,741.6150,741.8744,741.5989,741.5989,1200
1480615402,741.3700,741.6700,741.2600,741.5000,3200
1480615454,741.0500,741.6000,741.0500,741.1760,4000
1480615523,741.3000,741.3000,741.0500,741.1300,5200
1480615565,741.2300,741.3500,741.1100,741.2765,3900
1480615632,741.5200,741.6514,741.1000,741.2700,4200
1480615683,741.2452,741.5300,741.2452,741.5300,1400
1480615751,741.3100,741.3100,741.0900,741.1000,1100
1480615804,741.8010,742.0000,741.1250,741.2400,4400
1480615874,741.9999,741.9999,741.8000,741.8400,1700
1480615923,741.8200,741.8386,741.4900,741.8000,3900
1480615983,741.8200,741.8700,741.5000,741.6700,4700
1480616054,742.3300,742.4700,741.8700,741.8700,7600
1480616119,742.4950,742.5000,742.3500,742.4900,4300
1480616165,742.5000,742.7100,742.3500,742.5600,5100
1480616221,742.6900,742.6900,742.4200,742.4200,2100
1480616283,742.7295,742.8800,742.5200,742.7400,105100
1480616355,742.5356,742.6000,742.4500,742.5900,2900
1480616400,742.5100,742.5100,742.1470,742.5000,4500
1480616474,742.4350,742.6999,742.4349,742.4349,1500
1480616529,742.6350,742.9692,742.1900,742.2100,4000
1480616594,743.1400,743.2700,742.8500,743.0600,2400
1480616642,743.0000,743.2999,743.0000,743.2999,2600
1480616776,743.1600,743.2000,742.9701,743.2000,1100
1480616831,743.7200,743.7600,743.3300,743.3300,3800
1480616889,744.4966,744.7000,744.0708,744.0708,1900
1480616951,744.2600,744.8100,744.2600,744.7840,2700
1480617000,744.8200,744.8200,744.2050,744.2400,3500
1480617076,744.7000,744.9900,744.7000,744.9900,1400
1480617138,745.0600,745.0600,744.5200,744.5200,7000
1480617191,744.7100,745.2550,744.7100,745.2550,5200
1480617264,744.4100,744.7000,744.1300,744.7000,1300
1480617312,744.7050,744.9900,744.6750,744.7000,1600
1480617388,744.9100,744.9100,744.6100,744.7400,1200
1480617442,744.5350,744.7100,744.5200,744.7100,1700
1480617494,744.2500,744.5608,744.2450,744.5608,4000
1480617559,744.2860,744.5900,744.2860,744.5500,1000
1480617603,744.6400,744.6400,744.3684,744.4800,2700
1480617684,744.5100,744.6700,744.3450,744.5800,2300
1480617727,744.3283,744.3283,744.0750,744.3100,1300
1480617810,744.3900,744.3900,744.0700,744.2700,1700
1480617857,743.8862,744.5568,743.7700,744.2600,9100
1480617903,743.3650,743.8700,743.3650,743.8700,4500
1480617963,744.4300,744.5313,743.5050,743.5100,14600
1480618020,744.2950,744.5800,744.1600,744.3600,8200
1480618081,744.7650,744.8595,744.2900,744.3125,14600
1480618142,744.9350,745.3200,744.4900,744.7300,13600
1480618203,744.9150,745.1100,744.7000,744.9400,15200
1480618303,744.9500,745.0500,744.9100,745.0000,2100
1480618322,744.9600,745.2000,744.9024,745.1241,3800
1480618382,745.4491,745.5450,745.0000,745.2000,2900
1480618444,746.0000,746.0000,745.5450,745.5450,1500
1480618513,746.4700,746.5400,745.9300,745.9300,3400
1480618575,745.9900,746.3300,745.9900,746.2600,2900
1480618650,746.1100,746.1100,745.8519,745.9400,2100
1480618696,745.5500,746.1000,745.1800,746.1000,3900
1480618748,745.1000,745.3300,745.1000,745.3050,1400
1480618806,745.1570,745.2800,745.0600,745.0600,2200
1480618865,744.7995,745.1611,744.7100,745.1200,2500
1480618926,744.7400,745.0100,744.6000,745.0100,2500
1480618980,745.0200,745.0200,744.8300,744.8300,900
1480619069,745.6647,745.6647,745.0900,745.1500,3200
1480619119,744.9300,745.4000,744.7400,745.4000,7600
1480619182,745.2900,745.2900,745.2900,745.2900,100
1480619221,745.2950,745.4600,744.9300,745.4600,7400
1480619299,744.9687,745.3160,744.8500,745.3160,3200
1480619341,744.5950,745.0000,744.4320,744.9150,7400
1480619415,745.1300,745.1300,744.6350,744.7600,7600
1480619460,744.4400,745.1000,744.3900,744.9850,11000
1480619579,745.2200,745.2200,744.3900,744.3901,7000
1480619580,744.8600,745.2700,744.7900,744.9450,10800
1480619658,745.2304,745.4200,745.0400,745.2600,1700
1480619705,745.1400,745.2200,744.7600,745.1750,10600
1480619762,745.0000,745.1500,744.8803,745.0800,1200
1480619829,745.4000,746.0000,745.1700,745.1700,2900
1480619918,745.6100,746.0000,745.6100,745.7700,2200
1480619962,745.1900,746.0000,745.1900,745.8700,4600
1480620000,744.7601,745.5150,744.7601,745.0800,2300
1480620081,744.9700,745.3100,744.5950,745.3100,3900
1480620125,744.6000,744.6900,744.3550,744.6700,2100
1480620199,744.3000,744.7300,744.1600,744.4200,4000
1480620241,744.8200,744.8800,744.4500,744.4500,6700
1480620330,744.8110,744.9299,744.5500,744.7300,4100
1480620367,744.3500,744.9200,744.3300,744.5200,7200
1480620435,744.9950,745.2000,744.3500,744.4100,12300
1480620482,745.1000,745.1000,744.8700,744.9300,2900
1480620572,744.5000,745.2726,744.5000,745.2726,2700
1480620614,744.4000,744.5300,744.2900,744.5300,2500
1480620664,744.6800,745.0513,744.4000,744.4650,2400
1480620737,744.7726,744.8295,744.5870,744.5950,3900
1480620831,744.8400,745.0000,744.4900,744.5900,5000
1480620841,744.9400,745.0400,744.8300,744.9900,6900
1480620908,745.1000,745.1900,744.6000,744.6000,1900
1480620971,744.7200,745.0000,744.7200,744.8500,1200
1480621036,744.8800,745.0091,744.5984,744.7000,3000
1480621105,744.7100,744.7100,744.7100,744.7100,200
1480621198,744.7900,745.0000,744.6400,745.0000,3200
1480621202,745.4600,745.5900,744.6900,744.6991,5800
1480621282,746.0000,746.0000,745.6760,745.6760,2900
1480621342,745.8900,746.0000,745.8800,745.8800,4600
1480621396,746.2800,746.6200,745.9400,746.0000,6100
1480621443,746.5800,746.6900,746.2600,746.2600,3500
1480621500,746.9900,747.3100,746.5900,746.7200,11500
1480621574,746.8550,747.0778,746.6900,747.0220,4000
1480621632,746.9600,746.9600,746.9600,746.9600,500
1480621684,746.3850,746.7450,746.3100,746.7400,3500
1480621747,746.3700,746.7695,746.3700,746.5800,2500
1480621801,746.8700,747.1000,746.5516,746.5900,2900
1480621864,747.0450,747.6050,747.0450,747.1650,6100
1480621949,747.2300,747.3500,747.1798,747.2900,3300
1480621983,747.8800,748.2600,747.1400,747.1400,11900
1480622046,747.5795,747.9000,747.1600,747.8600,3900
1480622108,747.8300,747.8300,747.3600,747.5000,6300
1480622163,747.4200,748.1200,747.4200,747.8850,5100
1480622230,747.7200,747.7200,747.1500,747.4000,13600
1480622283,748.1950,748.3200,747.6000,747.7400,10300
1480622341,748.7800,748.7800,748.3600,748.3600,6000
1480622400,748.9695,749.0700,748.6800,748.6800,17200
1480622461,748.0705,749.5200,748.0705,748.9800,19000
1480622525,747.5550,748.2200,747.3300,747.9200,3600
1480622585,747.0150,747.4900,746.7897,747.3000,7100
1480622643,747.6000,747.6000,747.0345,747.0345,2400
1480622701,747.5300,747.6050,747.2100,747.4000,6000
1480622771,747.1800,747.5700,747.1800,747.5700,2300
1480622837,746.7500,747.2000,746.6700,747.1500,5400
1480622885,747.0800,747.3000,746.5400,746.8600,9900
1480622940,747.0350,747.1500,746.5400,747.1320,14600
1480623011,746.7700,747.3600,746.7000,747.2400,4100
1480623072,747.2000,747.2000,746.7400,746.7400,2300
1480623145,746.7300,747.3300,746.5500,747.3100,7200
1480623182,746.8000,747.0900,746.5500,746.5700,5900
1480623242,747.7100,747.7906,746.8000,746.9700,10800
1480623333,747.4900,747.6500,747.4900,747.6500,1500
1480623365,747.3300,748.0000,747.3200,747.6500,4900
1480623423,747.7638,747.7638,747.2300,747.2600,5200
1480623486,747.0900,747.6395,747.0700,747.5800,7200
1480623595,747.7100,747.7100,747.0450,747.2000,5500
1480623600,747.4800,747.8200,747.0250,747.5300,8400
1480623669,747.6000,747.8400,747.3500,747.3500,5800
1480623744,747.4900,747.6300,747.4200,747.5633,1800
1480623780,747.3350,747.6399,747.3100,747.3500,3800
1480623847,746.8100,747.1600,746.6450,747.1600,6400
1480623907,747.3900,747.3900,746.8000,746.8400,6900
1480623963,747.2300,747.2795,747.0900,747.1100,1200
1480624023,747.3400,747.3400,746.7000,747.1300,16000
1480624084,747.4847,747.5000,747.3350,747.5000,1100
1480624141,747.0500,747.4280,746.9900,747.4280,5600
1480624200,747.0950,747.1700,746.8000,747.1350,6000
1480624267,746.8100,747.2400,746.8100,747.0900,2900
1480624330,747.1200,747.3700,746.8100,746.8800,14800
1480624380,747.1600,747.2350,746.9400,747.2350,3200
1480624440,746.8800,747.2432,746.8100,747.1500,10800
1480624503,747.0800,747.3500,747.0000,747.0200,6400
1480624560,747.9995,747.9995,747.0000,747.1500,22500
1480624623,748.2800,748.3395,747.7450,747.8500,25200
1480624682,748.2200,748.4000,748.0450,748.0700,8500
1480624742,747.6700,748.6300,747.6700,748.4600,5500
1480624804,747.6300,747.7300,747.3350,747.6200,18800
1480624865,748.0000,748.0380,747.3900,747.5800,22600
1480624922,747.7500,747.9400,747.5000,747.9300,9200
1480624981,747.9300,748.1248,747.6900,747.7000,15400
1480625042,747.7800,747.9800,747.6800,747.9500,6400
1480625101,747.6200,747.7800,747.3900,747.6900,11300
1480625166,748.0200,748.1700,747.6900,747.6900,13300
1480625223,747.7500,748.0897,747.6150,748.0897,6000
1480625297,747.6600,747.6600,747.6600,747.6600,100
1480625336,747.3950,747.7900,747.3950,747.6600,5600
1480625398,747.9900,748.0000,747.3550,747.3550,19700
1480625459,747.8800,748.0500,747.6600,747.6700,40200
1480625516,747.9900,748.0200,747.8500,747.8500,21500
1480625579,747.9000,748.1553,747.9000,747.9000,12100
1480625639,748.1200,748.1200,747.8500,747.9100,15300
1480625698,748.0700,748.2600,748.0001,748.1200,9900
1480625758,748.2400,748.2700,748.0100,748.1100,9000
1480625819,747.8758,748.2500,747.8200,748.2500,7500
1480625878,748.0300,748.1300,747.8288,747.8900,13900
1480625937,748.3500,748.4950,747.9900,748.0200,20000
1480625999,748.0200,748.5000,748.0000,748.2600,47500
1480626000,747.9200,747.9200,747.9200,747.9200,3400
1483108233,780.5275,780.5275,780.5001,780.5001,28200
1483108260,782.0000,782.6000,780.5000,780.9500,8300
1483108324,782.1150,782.4800,781.8500,781.9000,2200
1483108383,781.4247,782.3900,781.0600,782.0000,6300
1483108456,781.7500,781.7900,781.6300,781.6400,2600
1483108506,781.2100,781.2100,781.2100,781.2100,400
1483108619,780.7100,781.0950,780.7100,781.0100,1700
1483108631,781.0100,781.0100,780.0100,780.4253,2100
1483108682,780.4961,781.1400,780.4961,780.9900,1500
1483108741,780.5000,780.8000,780.1300,780.4200,3600
1483108807,780.5900,780.6300,779.7601,780.4600,9000
1483108898,780.5000,780.8300,780.5000,780.5300,1700
1483108978,779.9650,780.5900,779.5000,780.2400,8300
1483108992,779.9500,780.0000,779.9500,779.9700,2200
1483109050,779.6100,780.2100,779.6100,780.1700,6500
1483109111,779.4000,779.9125,779.4000,779.7600,1300
1483109168,780.1512,780.3400,779.6300,779.7481,1500
1483109223,780.5450,780.7500,780.3150,780.3150,1000
1483109302,780.3000,781.0400,780.0801,780.5499,4900
1483109364,779.7800,780.3200,779.7700,780.3200,2600
1483109454,779.7910,779.8300,779.4000,779.8300,2400
1483109468,779.5425,779.8500,779.2800,779.6500,10200
1483109544,780.5673,780.5673,780.1000,780.1000,400
1483109593,779.9600,780.1200,779.7000,780.0900,7000
1483109642,779.4000,779.9300,779.4000,779.7500,1500
1483109701,779.0400,779.3963,778.9900,779.3963,3200
1483109814,778.0400,778.8100,778.0000,778.8100,5500
1483109821,774.5600,778.0800,774.5600,778.0800,21900
1483109880,776.1700,776.7599,774.3000,774.5800,7100
1483109940,776.0752,776.8000,775.6000,776.7800,4300
1483110002,776.2200,776.6000,774.6000,775.8550,7400
1483110064,775.2600,776.5000,775.2600,776.3300,7500
1483110159,776.0200,776.0200,775.5200,775.6950,800
1483110186,776.5200,776.5200,775.7600,775.7600,1400
1483110256,776.1250,776.5200,775.6000,776.4200,3300
1483110301,776.6300,776.8200,775.8100,775.8700,3100
1483110367,776.4200,776.4200,775.5500,776.0100,2700
1483110421,775.6700,776.5362,774.9500,776.5362,4700
1483110482,775.3100,775.6399,774.0600,775.6399,6700
1483110547,776.0000,776.0159,775.7300,775.7400,4200
1483110600,775.2850,775.8900,774.8900,775.8900,8300
1483110687,775.1100,775.3544,775.1100,775.2200,1700
1483110729,775.3100,775.6200,775.2800,775.3350,1500
1483110832,775.2300,775.5339,775.0200,775.5339,5300
1483110841,775.7600,775.8500,775.0950,775.3500,5400
1483110922,776.1800,776.3780,776.1500,776.1500,2700
1483110965,777.1000,777.1350,776.2050,776.2050,1800
1483111020,776.9500,777.0500,776.8700,776.8700,1300
1483111121,776.7150,777.0000,776.4900,776.7200,1500
1483111156,776.7000,776.7000,776.0500,776.5200,8900
1483111211,776.1000,776.7400,776.1000,776.7400,1200
1483111262,776.4100,776.4100,776.0700,776.0700,1000
1483111320,775.8100,776.5799,775.5000,776.4300,4700
1483111380,774.8800,775.9600,774.6100,775.7300,13500
1483111441,775.9449,776.0049,774.7300,775.1300,9900
1483111503,775.9650,776.3600,775.6000,776.0000,4800
1483111570,776.1700,776.2300,775.9200,775.9200,2100
1483111678,776.3400,776.3400,776.1001,776.2900,1400
1483111680,776.3800,776.3800,776.0000,776.3250,5700
1483111761,776.3100,776.3100,776.0000,776.0000,2200
1483111828,776.5800,776.5800,776.2400,776.2400,5300
1483111866,776.3800,777.0500,776.3564,777.0500,2000
1483111932,776.9251,776.9251,776.4724,776.4724,2800
1483111987,777.0750,777.1200,776.7701,777.1000,2900
1483112040,776.7700,777.1900,776.7700,776.8500,1900
1483112101,776.1600,776.5000,775.9600,776.3800,7200
1483112175,775.5700,776.5400,775.5700,776.2750,5100
1483112231,775.9800,776.0000,775.5900,775.6200,3000
1483112281,775.9900,775.9900,775.7000,775.7500,2000
1483112340,776.0000,776.2100,776.0000,776.0800,1900
1483112420,776.6000,776.6000,775.8801,775.8801,1800
1483112467,776.1247,776.4700,775.7917,776.4700,2000
1483112541,775.9220,776.1900,775.7400,775.7400,2100
1483112642,775.6000,776.0000,775.6000,776.0000,2600
1483112706,774.9200,775.7200,774.5000,775.3000,7200
1483112769,775.2400,775.2400,774.8363,774.8363,2200
1483112826,775.7000,776.1800,775.4400,775.4400,3400
1483112887,775.4500,775.6400,775.4000,775.5400,2200
1483112963,775.4600,775.4600,775.0800,775.3900,2300
1483113017,775.3750,775.3750,775.1400,775.3600,1700
1483113060,775.1300,775.9400,774.8500,775.6800,6900
1483113126,775.3150,775.3150,775.1000,775.1000,1300
1483113183,775.3200,775.5600,775.1600,775.5600,1000
1483113243,774.9225,775.1900,774.9225,775.1900,800
1483113305,775.0000,775.2700,774.7300,775.2000,3000
1483113364,775.0800,775.3100,774.8500,774.8800,3400
1483113422,775.0200,775.2700,774.9580,775.0200,2300
1483113536,775.4300,775.4400,775.0100,775.0300,7300
1483113543,775.5610,775.5610,775.4100,775.4400,900
1483113637,775.4200,775.4200,775.4200,775.4200,500
1483113662,775.2500,775.5200,775.0800,775.4800,2500
1483113734,775.4074,775.6300,775.4074,775.4600,2600
1483113785,775.2800,775.5000,775.2800,775.3710,2400
1483113861,775.3400,775.3400,775.3400,775.3400,200
1483113903,775.2800,775.5600,775.2800,775.5600,900
1483113963,774.9533,775.0350,774.8700,775.0110,1500
1483114036,774.9800,774.9800,774.8700,774.8700,1400
1483114119,774.9050,774.9710,774.9050,774.9710,400
1483114140,774.9200,774.9300,774.8500,774.8500,800
1483114208,775.0400,775.0900,774.8700,775.0800,1400
1483114294,774.9000,774.9000,774.8100,774.8100,400
1483114343,774.5200,774.7800,774.5100,774.7800,2100
1483114409,774.4200,774.5400,774.4200,774.5400,1900
1483114450,774.3100,774.5300,774.3100,774.4105,1600
1483114502,775.0100,775.0100,774.3700,774.5500,1800
1483114581,774.9570,775.1100,774.6500,774.8000,900
1483114627,775.0500,775.0500,775.0500,775.0500,300
1483114737,774.8800,775.2665,774.8800,775.1700,2100
1483114743,774.8100,774.9600,774.8100,774.9600,900
1483114870,775.0300,775.2200,775.0100,775.1800,1600
1483114925,775.2200,775.4390,775.1800,775.4390,1800
1483114980,775.6700,775.6900,774.9400,775.2271,11600
1483115092,775.8900,775.9400,775.6900,775.7500,6200
1483115107,776.1699,776.1700,775.7500,775.9000,1300
1483115175,776.0800,776.2200,775.9600,775.9600,1700
1483115240,775.6900,776.1000,775.4500,776.1000,2300
1483115315,775.4700,775.9214,775.4700,775.9214,700
1483115361,775.1000,775.5700,775.0701,775.5200,1800
1483115401,775.1700,775.3500,775.0100,775.3100,1400
1483115460,775.7479,775.7479,775.2300,775.2300,1500
1483115587,775.8800,775.8800,775.6100,775.6700,600
1483115683,775.9800,776.2700,775.7300,775.9000,5800
1483115706,775.7000,775.8300,775.7000,775.8300,1300
1483115767,775.6327,775.6700,775.6327,775.6700,1100
1483115832,775.7013,776.0700,775.5600,775.6100,1500
1483115886,775.4700,775.5500,775.4500,775.5100,1700
1483115941,775.3900,775.5100,775.2300,775.4600,1900
1483116030,775.3900,775.4300,775.3900,775.4300,800
1483116062,775.8000,775.8000,775.4900,775.5037,700
1483116127,775.9500,776.0290,775.7000,775.7000,1300
1483116199,775.5270,775.9800,775.5270,775.9300,1500
1483116251,775.1700,775.6757,775.1500,775.5400,3800
1483116316,775.5500,775.5500,775.4200,775.5100,1400
1483116371,775.6100,775.7300,775.5250,775.5250,6300
1483116420,775.8264,775.8900,775.5600,775.6200,2400
1483116498,775.6300,775.8400,775.6300,775.6800,1600
1483116582,775.7033,775.7033,775.5500,775.6950,400
1483116631,775.5500,775.5500,775.4700,775.4900,400
1483116680,775.6900,775.6900,775.5400,775.5400,700
1483116721,775.4727,775.7600,775.3400,775.7600,2200
1483116781,775.5600,775.8200,775.4800,775.4900,2500
1483116864,775.4300,775.5500,775.3600,775.4900,900
1483116905,775.3700,775.5600,775.3500,775.5600,1400
1483116993,775.2200,775.3500,775.2200,775.3500,800
1483117033,775.0000,775.2420,775.0000,775.2420,2000
1483117108,774.8500,774.8800,774.8500,774.8800,600
1483117157,774.6400,774.9600,774.6400,774.8100,8300
1483117213,774.4600,774.8300,774.4500,774.7800,3700
1483117267,774.4400,774.8100,774.4400,774.4700,7000
1483117325,774.9100,774.9700,774.5150,774.5150,3200
1483117381,774.7600,774.8807,774.5400,774.8500,1800
1483117455,774.8500,775.0000,774.8300,774.8700,1600
1483117501,774.2500,774.6800,774.1200,774.6800,3500
1483117561,774.5300,774.6100,774.3600,774.3600,1900
1483117629,774.5600,774.5600,774.4500,774.5500,1600
1483117716,774.7900,775.0000,774.7900,774.9500,1000
1483117804,774.6800,774.7600,774.4100,774.7600,3000
1483117908,775.2800,775.3200,775.0100,775.0100,1500
1483117971,775.0400,775.2500,775.0400,775.2500,1300
1483117994,775.2700,775.2700,774.9500,775.0578,1800
1483118060,775.2450,775.2450,775.1900,775.1900,300
1483118100,774.8100,775.3200,774.8100,775.2996,1300
1483118177,774.8200,774.9100,774.8200,774.8900,700
1483118232,774.8301,774.8800,774.8300,774.8800,800
1483118300,775.0500,775.0500,774.7500,774.7500,700
1483118358,774.7500,774.8800,774.6400,774.8800,2200
1483118443,775.0971,775.0971,775.0100,775.0100,700
1483118515,774.8200,775.0600,774.8200,774.8723,1200
1483118524,774.8300,774.9000,774.8200,774.9000,500
1483118589,774.8100,775.1000,774.8100,775.1000,300
1483118642,774.7600,775.0000,774.7600,775.0000,2700
1483118709,774.5500,774.8250,774.5500,774.8250,1600
1483118765,774.4299,774.5700,774.1600,774.5600,2800
1483118825,774.3600,774.4800,774.2000,774.2300,2300
1483118880,774.3150,774.3692,774.2300,774.3400,1200
1483118946,774.4400,774.6300,774.4300,774.4500,2400
1483119012,774.4600,774.6400,774.4300,774.6400,2100
1483119063,774.6800,774.8800,774.3000,774.4500,3700
1483119120,774.5550,774.9500,774.4900,774.8800,3500
1483119203,774.6050,774.9200,774.6050,774.7700,800
1483119261,774.8900,774.8900,774.6000,774.8001,1400
1483119303,774.6700,774.7900,774.5000,774.5200,1600
1483119363,774.4000,774.6900,774.4000,774.6900,1300
1483119450,774.5250,774.6700,774.4900,774.4900,1300
1483119539,774.8899,774.8899,774.6200,774.7300,6200
1483119541,774.6700,774.8890,774.5300,774.5700,6200
1483119602,774.2900,774.8600,774.2800,774.7900,9500
1483119661,774.5000,774.6400,774.1300,774.2800,12900
1483119728,774.2200,774.6400,774.2000,774.4800,3000
1483119787,774.3000,774.4988,774.2900,774.3100,6200
1483119840,774.6400,774.6800,774.3000,774.3200,3400
1483119916,774.1200,774.4100,774.0600,774.3300,3600
1483119962,774.2200,774.5000,774.2200,774.4000,1200
1483120037,774.4900,774.6200,774.3200,774.3200,1400
1483120094,774.3050,774.5000,774.3050,774.5000,600
1483120159,774.5100,774.8400,774.5100,774.6762,1700
1483120202,774.1809,774.5700,773.9700,774.4600,5900
1483120271,773.4900,774.2500,773.4900,774.2200,2600
1483120346,773.6900,773.7700,773.4200,773.6300,2500
1483120382,773.9100,773.9800,773.4500,773.4500,2300
1483120458,773.9000,774.0300,773.7284,773.7284,2700
1483120510,774.0000,774.2700,774.0000,774.1400,1800
1483120578,774.5100,774.5199,774.2800,774.2800,1600
1483120626,774.1300,774.3000,774.1300,774.3000,600
1483120686,774.4700,774.4700,774.2926,774.3700,1500
1483120785,774.7550,774.7550,774.7550,774.7550,300
1483120834,774.3300,774.3300,774.3200,774.3200,1900
1483120877,774.4150,774.6100,774.2400,774.6100,2700
1483120929,774.1400,774.3000,774.1400,774.3000,1500
1483120986,774.0300,774.2400,774.0300,774.1600,1600
1483121047,774.0799,774.2800,774.0799,774.2700,2200
1483121108,774.4800,774.5000,774.2150,774.2150,4400
1483121163,774.2022,774.7000,774.2022,774.4900,3400
1483121225,774.6300,774.6300,774.3900,774.4200,5400
1483121280,774.0000,774.5000,774.0000,774.5000,8400
1483121340,773.6900,774.2923,773.5801,774.0900,5700
1483121425,773.7400,774.0600,773.7400,774.0600,700
1483121518,773.9350,773.9400,773.5000,773.6800,4500
1483121521,773.7300,774.1400,773.7300,773.8300,4300
1483121597,773.5050,774.0000,773.5050,773.7800,700
1483121659,773.5900,773.8300,773.5900,773.7100,6000
1483121713,773.8600,773.8600,773.4700,773.4700,1000
1483121762,773.6017,773.9000,773.3300,773.6796,4100
1483121879,773.5400,773.7500,773.4700,773.5100,12300
1483121880,773.5500,773.7700,773.5400,773.5600,2700
1483121966,773.5800,773.6800,773.4897,773.4897,700
1483122006,773.7200,773.8300,773.4400,773.6200,5100
1483122081,774.2300,774.2300,773.6500,773.7100,5100
1483122138,774.0400,774.3301,773.9500,774.0100,4600
1483122180,774.0900,774.0900,773.8100,774.0900,3200
1483122245,774.2200,774.2200,774.1000,774.1000,7300
1483122326,774.4250,774.4600,774.4250,774.4600,600
1483122361,774.4800,774.6400,774.4200,774.4200,1600
1483122422,774.5500,774.5500,774.2900,774.3200,1700
1483122480,774.4400,774.4400,774.2000,774.4000,1400
1483122558,774.2000,774.2100,774.2000,774.2100,400
1483122610,774.6000,774.7000,774.3300,774.3500,10300
1483122708,774.3000,774.4600,774.3000,774.4600,1400
1483122724,774.1900,774.3176,774.1900,774.3176,700
1483122781,774.1200,774.3600,774.1200,774.3600,2200
1483122894,774.2400,774.2900,773.9100,774.0900,2100
1483122900,774.3600,774.4800,774.3100,774.4049,900
1483122963,774.1500,774.5500,774.1500,774.5500,4100
1483123030,774.1300,774.2900,774.1200,774.1300,1200
1483123082,774.2900,774.2900,774.1600,774.1600,700
1483123173,774.5137,774.5137,774.5137,774.5137,100
1483123200,774.1900,774.4500,774.1900,774.4500,1700
1483123290,773.9600,774.1857,773.9600,774.1857,2700
1483123324,774.0475,774.0900,773.9600,774.0900,1300
1483123398,773.6200,773.9200,773.6200,773.9200,900
1483123440,773.5100,773.7503,773.4500,773.7503,1300
1483123508,773.2500,773.3600,773.2000,773.2700,2000
1483123562,773.2700,773.2700,773.2700,773.2700,500
1483123626,773.0300,773.2200,772.9800,773.2200,6300
1483123682,772.6700,773.0000,772.5900,773.0000,5000
1483123745,772.7500,772.9099,772.5000,772.5200,3100
1483123803,773.0800,773.0800,772.7500,772.7700,4100
1483123865,772.7100,773.2700,772.7100,773.2600,1500
1483123924,772.7700,773.0900,772.7700,772.8400,2900
1483123990,773.0450,773.0900,772.7200,772.8200,5200
1483124043,773.3800,773.3800,773.0200,773.1600,6600
1483124102,773.0800,773.4400,773.0800,773.3600,3300
1483124182,772.4700,772.7250,772.4700,772.7200,2700
1483124221,772.5000,773.0900,772.5000,772.6900,5800
1483124280,772.8800,773.0700,772.7600,773.0000,3900
1483124346,772.5500,772.8700,772.5350,772.8700,8500
1483124400,772.7300,772.7300,772.4500,772.5400,3900
1483124480,772.7800,772.7800,772.5000,772.5000,2200
1483124577,772.4300,772.8899,772.3400,772.8199,7400
1483124584,772.1111,772.5900,772.1111,772.4900,9500
1483124641,772.2833,772.2833,772.1700,772.2200,2500
1483124702,772.2800,772.3000,772.1500,772.2800,2100
1483124770,771.9921,772.0800,771.8100,772.0000,2400
1483124822,771.8800,772.0900,771.8800,772.0900,900
1483124893,771.8100,771.9500,771.6950,771.8400,1900
1483124951,771.3800,771.7500,771.3800,771.7500,2100
1483125019,771.1700,771.4088,771.1700,771.3700,2600
1483125073,771.2400,771.5500,771.2400,771.3900,2900
1483125176,771.7600,771.8600,771.3600,771.3600,2300
1483125184,771.7800,771.8900,771.6100,771.8900,3100
1483125262,771.7600,771.8700,771.7300,771.7700,2500
1483125313,771.7600,771.8223,771.7375,771.8223,600
1483125360,772.1400,772.3200,771.9600,771.9600,1300
1483125422,771.6807,772.4000,771.6807,772.2300,3800
1483125514,771.8410,771.8410,771.6450,771.6700,800
1483125571,771.6146,771.7699,771.6146,771.7699,200
1483125601,771.4900,771.7400,771.4900,771.5300,1200
1483125661,771.2800,771.5600,771.1700,771.4600,2100
1483125720,771.0000,771.3000,770.9300,771.2650,7500
1483125794,770.9200,771.1300,770.8800,771.0200,1100
1483125841,770.7700,770.9500,770.7700,770.8912,3400
1483125910,771.2900,771.3800,770.8550,770.8740,2400
1483125961,771.1100,771.1299,771.1100,771.1100,1200
1483126065,771.0599,771.0599,770.8300,770.8300,600
1483126118,771.1600,771.1600,771.1400,771.1400,600
1483126140,770.9150,771.3100,770.8600,771.3100,1300
1483126202,770.5100,770.9100,770.5100,770.7500,2500
1483126260,770.4800,770.8681,770.4100,770.8681,1400
1483126327,770.9645,770.9645,770.4600,770.8000,2900
1483126386,771.4300,771.6150,771.0000,771.0000,1800
1483126445,771.3600,771.5500,771.3600,771.5200,1600
1483126537,771.3366,771.3366,771.3200,771.3200,200
1483126573,771.5933,771.7300,771.5500,771.5500,1800
1483126678,771.7100,771.8900,771.4700,771.7200,3000
1483126683,771.8500,771.9500,771.6950,771.6950,3200
1483126747,771.7503,771.7860,771.6000,771.7300,900
1483126820,772.0200,772.0200,771.7500,771.7500,5500
1483126883,772.0500,772.1300,772.0000,772.0300,2500
1483126921,772.1400,772.3500,771.8900,771.9298,2000
1483127012,772.0943,772.2500,772.0943,772.2300,1300
1483127046,772.0600,772.2300,771.9000,772.0300,1100
1483127102,771.6000,771.9700,771.6000,771.9075,4700
1483127188,771.6300,771.6300,771.4800,771.5500,2200
1483127220,771.2928,771.7100,771.2928,771.6800,2000
1483127288,771.5800,771.5900,771.2900,771.5150,2000
1483127398,771.2900,771.2900,771.2900,771.2900,100
1483127402,771.0200,771.3200,771.0200,771.2600,2100
1483127516,771.6800,771.6800,770.8900,770.8900,3100
1483127526,771.2680,771.7599,771.2680,771.5500,4500
1483127592,771.2900,771.2900,771.1003,771.1003,2400
1483127652,771.3550,771.4860,771.0800,771.2700,5100
1483127702,771.0100,771.5450,771.0000,771.2300,7000
1483127802,771.2800,771.2800,771.2800,771.2800,700
1483127829,771.0200,771.4020,771.0200,771.4020,400
1483127939,771.1200,771.3900,771.1200,771.2900,900
1483127994,771.5150,771.6800,771.3350,771.4300,1500
1483128001,771.5500,771.7550,771.5100,771.6261,3100
1483128064,771.5900,771.6800,771.2300,771.5600,10400
1483128124,771.3200,771.4300,771.1350,771.3500,6100
1483128198,771.2550,771.2550,771.1100,771.1100,600
1483128251,771.6750,771.6750,771.3900,771.3962,1100
1483128310,771.5100,771.7800,771.4000,771.6050,2600
1483128388,771.7650,772.0300,771.5700,771.8300,1800
1483128439,772.2900,772.2900,771.9500,771.9500,1300
1483128480,772.0900,772.4350,772.0900,772.3500,2000
1483128548,772.0500,772.0700,771.9200,772.0700,1400
1483128607,772.2100,772.2119,771.8150,772.1100,900
1483128719,772.1976,772.4168,772.1976,772.3000,5200
1483128722,772.4700,772.4700,772.1000,772.2600,7900
1483128781,772.3000,772.4050,772.2200,772.4050,2200
1483128841,772.6900,772.7300,772.2200,772.5000,2700
1483128914,773.0000,773.0000,772.6630,772.6630,2400
1483128988,772.9500,773.0108,772.7028,773.0108,2200
1483129025,772.7000,772.7800,772.5930,772.7000,3700
1483129087,772.8006,772.8006,772.4000,772.6400,1700
1483129140,772.9500,773.0500,772.7000,772.7500,3400
1483129213,773.0400,773.1400,772.9400,773.0700,1700
1483129318,772.9700,773.0900,772.8066,772.9999,1500
1483129327,773.2100,773.2100,773.0300,773.0300,1500
1483129439,773.7100,773.8000,773.0600,773.0600,4800
1483129493,773.3790,773.6900,773.3200,773.5300,4800
1483129500,773.7600,773.7600,773.3600,773.5400,2500
1483129560,773.8100,773.8100,773.5910,773.7400,1400
1483129622,773.8500,773.9900,773.6000,773.7132,3600
1483129700,774.0000,774.0300,773.8150,773.9200,6800
1483129746,774.1000,774.1200,773.8750,774.0200,2200
1483129800,774.0800,774.4500,774.0300,774.1200,4400
1483129919,774.0000,774.1750,773.9200,774.1200,4500
1483129920,773.9000,774.1500,773.8900,774.1499,2500
1483129980,774.5100,774.5100,773.8400,773.9400,5800
1483130042,774.3800,774.6200,774.0600,774.3800,8400
1483130104,774.1100,774.2600,773.7500,774.2600,5100
1483130163,774.1100,774.2100,773.9900,774.1800,1600
1483130223,774.2500,774.4400,774.1800,774.2900,3500
1483130284,773.9600,774.2400,773.8460,774.2400,5300
1483130346,773.9900,774.0400,773.7500,773.9700,9300
1483130401,773.9900,774.1200,773.7801,773.8800,5600
1483130473,774.1600,774.1700,773.7700,773.7800,6500
1483130521,773.6600,774.0562,773.6600,774.0100,7300
1483130590,773.5200,773.7350,773.5200,773.6100,2700
1483130644,772.8100,773.6100,772.8100,773.5900,7400
1483130701,773.0478,773.1800,772.7100,773.1300,4200
1483130819,773.3900,773.7800,773.1300,773.1300,9000
1483130824,773.3300,773.3400,773.0700,773.3300,3800
1483130887,773.2000,773.7000,773.2000,773.4128,6400
1483130940,772.6000,773.1500,772.5700,773.1500,5400
1483131000,771.7400,772.5200,771.6800,772.5200,26700
1483131060,771.6000,771.9000,771.4900,771.6800,10600
1483131120,771.3200,771.9700,771.3100,771.5400,10900
1483131180,771.2800,771.5800,771.1500,771.3100,12000
1483131240,771.5700,771.7200,771.3400,771.4600,12200
1483131300,772.2000,772.4400,771.4600,771.6000,16900
1483131360,772.2000,772.2800,771.6600,772.2300,29200
1483131420,773.2000,773.2000,772.1600,772.1600,15000
1483131480,773.1700,773.5275,772.8100,772.9600,26700
1483131599,772.3700,773.5250,771.6800,773.1800,107300
1483131600,771.8200,771.8200,771.8200,771.8200,214000
1489584628,845.4950,846.0708,845.4950,846.0708,34500
1489584714,845.9000,846.9300,845.9000,846.4100,6400
1489584744,846.5600,846.5600,846.5600,846.5600,6900
1489584806,845.5800,846.0263,845.1600,846.0263,4000
1489584854,845.4200,845.5112,845.1500,845.4500,2200
1489584904,844.2800,846.0000,844.1100,845.4550,14200
1489584992,844.1600,844.2383,844.1600,844.2383,900
1489585028,843.2900,844.1550,843.1810,844.0500,6400
1489585082,843.7200,844.0900,843.4273,843.4273,9500
1489585196,843.1000,843.7800,843.1000,843.7000,5500
1489585200,841.9600,843.1000,841.1400,843.0400,10400
1489585261,841.9000,842.2500,841.5900,842.0100,7400
1489585321,842.3400,842.4600,841.7180,841.7180,5800
1489585381,843.1000,843.4300,842.4700,842.4900,4400
1489585446,843.4100,843.6400,842.9400,843.3500,2400
1489585501,842.8100,843.4000,842.8100,843.3200,7400
1489585585,842.9950,843.2191,842.9950,843.1500,600
1489585631,842.9452,843.3100,842.9000,842.9100,3200
1489585716,842.9750,843.0900,842.9750,843.0900,1200
1489585761,843.0200,843.5238,842.9800,842.9800,3000
1489585812,843.1801,843.1801,842.4700,842.8600,3800
1489585860,843.3300,843.3300,843.1100,843.1100,900
1489585922,843.3000,843.6400,843.0900,843.5700,4700
1489586002,843.2400,843.3000,842.9800,843.2600,6000
1489586073,843.0500,843.1500,843.0000,843.1500,900
1489586102,843.1100,843.5100,842.7000,842.8500,0
1489586173,843.4150,843.4150,842.9500,842.9500,2300
1489586220,843.1300,843.4800,842.7600,843.4800,7200
1489586281,842.6650,843.3967,842.6650,843.2100,5300
1489586362,842.4900,842.8800,842.4600,842.7900,6100
1489586400,842.0200,842.4000,841.9700,842.4000,3300
1489586462,841.9600,842.0000,841.5001,841.9150,5600
1489586528,842.0971,842.0971,841.7401,841.8100,1800
1489586580,842.0000,842.1900,842.0000,842.1900,700
1489586641,841.7800,842.0400,841.6600,842.0000,3800
1489586717,841.6800,841.8699,841.5400,841.7500,1900
1489586763,841.4800,841.7500,841.4800,841.7500,3600
1489586820,841.0000,841.6499,840.7900,841.5650,8300
1489586900,840.9300,841.0750,840.7700,840.7700,3300
1489586949,841.0700,841.0700,840.7800,840.9250,2000
1489587054,841.0100,841.1580,841.0100,841.0500,1800
1489587060,841.2800,841.2800,840.9700,841.0200,5800
1489587125,841.2500,841.2500,841.1000,841.1200,1500
1489587182,841.9100,842.1100,841.1801,841.3400,2600
1489587243,841.6800,842.1000,841.6800,842.0601,2000
1489587319,841.8150,841.9900,841.8150,841.9900,1600
1489587376,841.5200,841.8100,841.5200,841.8100,1300
1489587421,841.7700,841.7900,841.4465,841.4600,3400
1489587533,841.7500,841.7500,841.7500,841.7500,100
1489587540,841.3400,841.6600,841.3400,841.5500,1300
1489587602,841.5100,841.7198,841.2500,841.3500,9000
1489587664,841.8717,841.9200,841.5300,841.5300,1800
1489587728,842.1450,842.3718,842.0601,842.1824,2200
1489587790,842.3450,842.4800,842.2175,842.2800,3000
1489587844,842.1900,842.3450,841.8000,842.3300,3300
1489587907,842.2625,842.3100,842.2000,842.2000,1400
1489587960,842.3500,842.4000,842.2100,842.3100,1600
1489588020,842.1200,842.3000,842.1200,842.3000,1900
1489588084,842.1800,842.3000,842.1800,842.2900,600
1489588141,843.1801,843.1801,842.4600,842.4600,4600
1489588211,843.0900,843.0900,842.7640,842.9800,3300
1489588263,843.2200,843.4000,843.2000,843.2100,1900
1489588334,842.9700,843.1100,842.8517,842.8517,1500
1489588384,842.8199,843.1993,842.7600,843.0350,1900
1489588460,843.0650,843.1200,842.6500,842.8199,2900
1489588500,843.3200,843.4792,843.0600,843.0950,6000
1489588616,843.3550,843.3850,843.2800,843.3000,11200
1489588622,843.3000,843.5500,843.3000,843.3000,3600
1489588699,843.4700,843.4700,843.4700,843.4700,400
1489588755,843.0600,843.4500,843.0600,843.4500,2700
1489588801,842.7800,843.0000,842.7000,842.7000,2800
1489588863,843.0800,843.0800,842.7900,842.7900,1300
1489588946,843.0900,843.1900,843.0900,843.1900,700
1489589005,843.1400,843.1500,843.1400,843.1500,700
1489589052,842.8700,843.1500,842.8500,843.1427,3400
1489589107,842.8000,842.8000,842.8000,842.8000,900
1489589165,842.8900,842.8900,842.6500,842.6500,1100
1489589253,842.8400,843.0000,842.8400,842.9000,1100
1489589284,842.9900,843.0200,842.8800,842.9900,1500
1489589344,842.8199,842.8199,842.8198,842.8198,2700
1489589400,842.8700,842.8700,842.6500,842.8000,1400
1489589470,843.2100,843.2100,842.8500,842.9600,1200
1489589521,843.3000,843.3000,843.0750,843.0750,900
1489589586,842.4999,843.1900,842.4999,843.0400,2200
1489589758,842.8299,843.0699,842.6900,842.8100,5100
1489589762,842.6010,842.8300,842.6010,842.7000,1600
1489589862,842.9000,842.9000,842.6700,842.7800,1300
1489589940,842.5100,842.9250,842.5010,842.9200,7500
1489590013,842.8199,842.8300,842.7050,842.8300,700
1489590060,842.6700,842.7000,842.5800,842.7000,700
1489590132,842.9000,843.1100,842.6800,842.8199,1300
1489590198,843.0600,843.0600,842.7200,842.7200,1100
1489590292,842.9007,842.9007,842.9007,842.9007,200
1489590302,843.0398,843.0800,842.7900,843.0100,2300
1489590372,842.9200,843.1990,842.9200,843.0592,1500
1489590441,842.8900,843.1000,842.8900,842.9400,1400
1489590490,843.3000,843.3000,843.0700,843.0700,1700
1489590540,843.2800,843.3193,843.2700,843.3000,1100
1489590600,843.3000,843.4700,843.3000,843.4500,1200
1489590684,843.4800,843.4800,843.3200,843.3200,1400
1489590813,843.7000,843.7900,843.6600,843.7900,700
1489590841,843.8600,844.2000,843.7500,843.7500,5700
1489590907,843.6400,843.8276,843.6400,843.8080,1400
1489590960,843.3799,843.6900,843.3799,843.6900,2900
1489591039,843.2600,843.4200,843.2600,843.4200,700
1489591090,843.3300,843.4100,843.3300,843.3300,800
1489591159,843.4500,843.4500,843.4350,843.4350,300
1489591204,843.3700,843.4400,843.3700,843.4400,900
1489591260,843.4600,843.4600,843.3400,843.4432,1200
1489591379,843.3700,843.5400,843.3700,843.5400,1400
1489591397,843.3150,843.4600,843.2900,843.4590,3200
1489591446,843.4500,843.4500,843.3051,843.3250,2300
1489591510,843.4500,843.5900,843.4500,843.5900,1400
1489591562,843.4800,843.4999,843.4075,843.4075,1500
1489591632,843.5100,843.5100,843.4050,843.4050,1800
1489591743,843.3200,843.4900,843.2100,843.4100,2500
1489591818,843.3276,843.3276,843.2500,843.2900,1500
1489591875,843.6100,843.8500,843.5001,843.5001,1300
1489591921,843.7250,843.8300,843.6600,843.6600,500
1489591982,843.6900,843.7300,843.6400,843.7300,2100
1489592091,843.8300,843.8800,843.8300,843.8800,900
1489592151,843.8500,843.8500,843.8500,843.8500,300
1489592186,844.0000,844.0000,843.8651,843.8651,1100
1489592279,843.9000,843.9500,843.9000,843.9500,400
1489592281,843.7500,843.9000,843.7500,843.9000,800
1489592341,843.7700,843.9800,843.7500,843.7500,3900
1489592402,843.7900,844.0492,843.7700,843.7700,700
1489592461,843.6700,843.8300,843.6700,843.8300,1500
1489592528,843.5900,843.6800,843.5900,843.6800,900
1489592600,843.4800,843.6880,843.4800,843.5200,3100
1489592653,843.2900,843.6990,843.2900,843.6990,1700
1489592711,843.2500,843.5074,843.2500,843.5074,2000
1489592817,843.2200,843.3700,843.1900,843.3700,1100
1489592821,843.4400,843.4800,843.2900,843.3259,2200
1489592896,843.2300,843.5001,843.2300,843.4900,4900
1489592960,842.9400,843.2400,842.9400,843.2400,2600
1489593043,843.0000,843.2500,842.9900,842.9900,1600
1489593065,843.2000,843.2000,843.1000,843.1400,1700
1489593174,842.6800,843.0400,842.6800,843.0400,4200
1489593199,843.0000,843.0000,842.8199,842.8199,500
1489593260,843.1200,843.1200,843.1200,843.1200,600
1489593315,842.8900,843.0000,842.8900,843.0000,1400
1489593369,842.7500,842.8600,842.7000,842.7000,1100
1489593420,842.7700,842.9300,842.7600,842.7600,2800
1489593481,842.9100,842.9100,842.7400,842.7400,1100
1489593567,842.7400,842.9300,842.7400,842.8600,2000
1489593637,842.6900,842.6900,842.6900,842.6900,200
1489593670,842.6300,842.6800,842.6300,842.6800,800
1489593736,842.0700,842.6949,842.0700,842.6949,6000
1489593838,842.1100,842.3200,842.1000,842.1000,1000
1489593850,842.3500,842.3500,842.1300,842.1300,1500
1489593907,842.5100,842.6300,842.5100,842.6264,700
1489593974,842.7400,842.7400,842.6292,842.6900,1800
1489594044,842.8950,842.8950,842.8950,842.8950,500
1489594117,843.3000,843.3000,843.1500,843.1500,600
1489594197,843.4097,843.4097,843.3780,843.3780,1200
1489594217,843.7900,843.8000,843.5399,843.5900,2900
1489594270,843.5400,843.6683,843.5400,843.6200,1200
1489594327,843.3799,843.7500,843.3799,843.7100,3600
1489594481,843.6114,843.6114,843.6114,843.6114,300
1489594509,843.7500,843.7500,843.4500,843.6400,1000
1489594566,843.5900,843.7700,843.4900,843.7500,3200
1489594622,843.6000,843.6000,843.6000,843.6000,500
1489594747,843.7100,843.7100,843.6900,843.7000,900
1489594872,843.5001,843.7450,843.5001,843.7450,2600
1489594937,843.4185,843.4900,843.3200,843.4900,900
1489594982,843.0892,843.4900,843.0300,843.4900,2100
1489595090,843.5001,843.5001,843.4800,843.4800,900
1489595125,843.4100,843.4800,843.2200,843.4800,1400
1489595182,843.3799,843.4350,843.2600,843.4200,1800
1489595245,843.3000,843.3700,843.3000,843.3700,1600
1489595289,843.2500,843.2600,843.2500,843.2500,1100
1489595348,843.6500,843.6500,843.3200,843.3500,1800
1489595482,843.4450,843.4450,843.4450,843.4450,100
1489595520,843.4850,843.5800,843.4850,843.5500,600
1489595607,843.7600,843.7600,843.4500,843.7000,2400
1489595640,843.9500,844.0000,843.6500,843.8500,3700
1489595793,844.1400,844.1500,844.1400,844.1500,400
1489595829,844.5700,844.5700,844.3260,844.3260,1300
1489595888,844.4000,844.5600,844.4000,844.5600,1600
1489595940,844.0868,844.2900,844.0868,844.2900,700
1489596026,844.3700,844.3700,844.2800,844.3400,400
1489596110,844.2914,844.3300,844.1800,844.3200,1000
1489596120,844.0884,844.2763,844.0790,844.2763,900
1489596201,844.3900,844.4600,844.3900,844.4600,500
1489596275,844.2500,844.2500,844.2500,844.2500,300
1489596340,844.3000,844.3000,844.3000,844.3000,1000
1489596427,844.2200,844.2200,844.1400,844.1400,700
1489596485,844.0100,844.1200,844.0100,844.1200,1000
1489596541,844.2800,844.3000,844.0601,844.0601,1300
1489596672,844.3900,844.6100,844.3900,844.5700,1700
1489596757,844.4000,844.4000,844.4000,844.4000,200
1489596786,844.4300,844.4300,844.1500,844.2100,2000
1489596848,844.4900,844.6600,844.3000,844.3000,2800
1489596961,844.5100,844.6980,844.5100,844.6980,800
1489597028,844.3800,844.5700,844.3400,844.4900,1900
1489597088,844.5500,844.5500,844.4500,844.4500,3100
1489597162,844.4999,844.7400,844.4999,844.7400,3400
1489597260,844.6000,844.6000,844.4820,844.4820,1000
1489597333,844.6900,844.6900,844.5300,844.5300,1400
1489597385,844.7500,844.7500,844.4800,844.6266,1400
1489597454,844.7821,844.7821,844.7821,844.7821,500
1489597509,844.6199,844.7400,844.6199,844.7250,1100
1489597566,844.2400,844.5510,844.2400,844.5510,1800
1489597634,844.5200,844.5200,844.5200,844.5200,200
1489597703,844.3457,844.4300,844.3000,844.4300,500
1489597746,844.6400,844.6400,844.4400,844.4400,1200
1489597827,844.3500,844.3700,844.3500,844.3700,400
1489597922,844.4000,844.4600,844.2900,844.2900,1300
1489597981,844.3000,844.4800,844.3000,844.4800,1200
1489598070,844.5100,844.5100,844.4200,844.4200,500
1489598105,844.4600,844.4999,844.4600,844.4999,300
1489598160,844.3500,844.3500,844.2200,844.2200,400
1489598226,844.3400,844.3800,844.2200,844.3100,1900
1489598334,844.1319,844.1319,844.1319,844.1319,500
1489598345,844.3200,844.3200,844.0400,844.0400,1000
1489598443,844.3200,844.3200,844.3200,844.3200,200
1489598503,844.3000,844.3600,844.3000,844.3000,1200
1489598544,844.4650,844.4650,844.2599,844.2599,1700
1489598608,844.3000,844.3000,844.3000,844.3000,400
1489598766,844.0400,844.2900,844.0210,844.1400,2900
1489598939,844.0900,844.4000,844.0900,844.3000,900
1489598940,844.3600,844.3600,844.0900,844.0900,300
1489599034,844.1900,844.2900,844.1900,844.2900,200
1489599116,844.1400,844.1600,844.0800,844.1500,1400
1489599128,844.0572,844.1400,844.0100,844.1400,2000
1489599197,843.9699,844.0000,843.9100,844.0000,1300
1489599266,844.1500,844.1500,844.0100,844.1200,800
1489599301,844.3300,844.3300,844.3300,844.3300,300
1489599379,844.4400,844.5800,844.3000,844.4300,1500
1489599429,844.5700,844.5700,844.4400,844.5500,1500
1489599509,844.7400,844.7400,844.6600,844.6600,1600
1489599549,844.3000,844.6400,844.3000,844.6400,1600
1489599610,844.4999,844.5719,844.4999,844.5719,200
1489599689,844.7300,844.7300,844.7300,844.7300,100
1489599722,844.5432,844.6220,844.5432,844.6220,1700
1489599833,844.3800,844.3800,844.3700,844.3800,500
1489599861,844.1600,844.4200,844.1600,844.4000,3900
1489599965,844.3800,844.4900,844.1600,844.4600,3500
1489600039,844.4100,844.4100,844.3879,844.3879,1700
1489600092,844.5250,844.5250,844.3900,844.4100,1400
1489600144,844.4400,844.6800,844.4000,844.4000,1900
1489600209,844.4600,844.4700,844.4600,844.4700,400
1489600262,844.5101,844.5900,844.4801,844.4900,1700
1489600345,844.6300,844.6300,844.5100,844.5100,1700
1489600382,844.4950,844.7800,844.3400,844.7800,3800
1489600461,844.5100,844.6900,844.3400,844.4200,1700
1489600501,844.5200,844.5695,844.5050,844.5695,700
1489600578,844.3200,844.5100,844.3200,844.5100,800
1489600655,844.4910,844.4910,844.3200,844.4100,600
1489600686,844.2400,844.5220,844.2400,844.3300,1500
1489600791,844.4999,844.4999,844.3550,844.4000,700
1489600800,845.5001,845.5001,844.1700,844.4999,22300
1489600860,845.4300,846.0300,845.0410,845.8400,5000
1489600927,845.9150,845.9150,845.0450,845.4200,7100
1489600980,845.8050,846.0900,844.9800,845.8200,5500
1489601050,846.1700,846.4000,845.9550,846.2500,6000
1489601100,846.3250,846.6700,845.9399,846.2200,7000
1489601160,846.9100,847.1300,846.5200,846.6201,5400
1489601224,846.4000,847.0800,846.4000,847.0700,3400
1489601295,846.7200,846.7900,846.4300,846.4300,1800
1489601344,845.8229,846.7438,845.8229,846.7438,9600
1489601425,845.6000,846.2800,845.6000,846.0000,4000
1489601478,845.7000,845.9399,845.5100,845.9200,4800
1489601530,845.9600,845.9600,845.4600,845.7000,3500
1489601584,845.7000,846.2200,845.6400,846.0000,6100
1489601643,845.4600,845.8400,845.4600,845.8400,3200
1489601711,845.6400,845.6400,845.2157,845.2800,2500
1489601762,846.1950,846.1950,845.5213,845.6200,1700
1489601835,845.7600,845.9650,845.5152,845.9650,2000
1489601932,845.4700,845.6400,845.4700,845.6200,1400
1489601943,845.6800,845.7750,845.2000,845.7380,5900
1489602056,845.9936,846.1999,845.5600,845.5600,1800
1489602069,846.2100,846.5600,846.2000,846.2000,3200
1489602128,846.2100,846.2100,845.8350,845.8350,300
1489602180,845.9300,846.3850,845.9300,846.3850,6000
1489602242,846.2300,846.2300,846.0288,846.1500,3900
1489602309,846.7790,846.7790,846.0800,846.0800,3600
1489602384,846.5900,846.9900,846.5900,846.7800,3000
1489602452,846.4999,846.8150,846.4700,846.8150,2900
1489602537,846.4400,846.5100,845.9399,846.5100,1300
1489602543,846.1291,846.5100,846.1291,846.5100,1200
1489602602,846.3000,846.3000,846.1100,846.1100,0
1489602671,846.1200,846.5800,846.1200,846.5800,61100
1489602729,845.9600,846.4200,845.9600,846.4200,3600
1489602784,845.9900,846.0200,845.8800,845.8800,1800
1489602857,845.9100,846.2900,845.7200,846.2200,2200
1489602906,846.0265,846.0265,845.8600,845.8600,500
1489602986,846.2700,846.2950,846.2700,846.2950,300
1489603029,846.2400,846.2400,845.7900,846.2400,4700
1489603099,847.0000,847.0000,846.2500,846.2500,4200
1489603140,846.9200,847.1700,846.4900,847.1000,2700
1489603271,846.8600,846.9276,846.8000,846.8100,2600
1489603345,847.4800,847.4800,846.8410,847.2300,1200
1489603411,846.9250,847.2450,846.8500,847.0900,0
1489603487,847.2535,847.2535,847.2535,847.2535,300
1489603500,847.5001,847.5001,847.0500,847.2300,2900
1489603571,847.6900,848.0000,847.4026,847.4026,7700
1489603628,847.7800,848.0900,847.7200,847.7200,6600
1489603688,847.9200,848.2000,847.6900,848.0601,10200
1489603742,848.0500,848.2599,847.7900,847.9200,8600
1489603813,847.3000,848.0450,847.3000,848.0450,1200
1489603884,847.7300,847.7300,847.5764,847.5900,2000
1489603929,848.0601,848.0601,847.8500,847.8500,1600
1489603992,848.0000,848.0601,847.8600,848.0601,2900
1489604077,847.5900,847.9750,847.5900,847.6700,1700
1489604148,847.7500,847.7500,847.6600,847.6600,300
1489604170,847.7200,847.8208,847.6800,847.7900,1700
1489604221,847.5600,847.8100,847.5600,847.8100,1500
1489604287,847.8200,847.8200,847.4500,847.8200,1800
1489604357,847.5300,847.5300,847.5001,847.5001,1000
1489604402,847.5345,847.9800,847.5345,847.7800,4900
1489604473,847.6814,847.6814,847.5300,847.6458,1400
1489604522,847.6900,847.7700,847.4400,847.4400,2100
1489604604,847.3100,847.3100,847.2500,847.2500,600
1489604640,847.4000,847.4000,847.2500,847.2500,900
1489604703,847.4400,847.5300,847.1000,847.2848,5200
1489604762,847.6300,847.6300,847.4800,847.5001,16300
1489604842,847.4600,847.6900,847.4600,847.6200,10000
1489604882,847.6030,847.7000,847.4600,847.4600,1600
1489604945,847.6250,847.6650,847.4600,847.5500,2700
1489605006,847.5824,847.5824,847.3900,847.5300,1800
1489605084,847.4500,847.6520,847.3720,847.5400,6000
1489605120,847.6500,847.6850,847.4500,847.4500,2900
1489605191,847.9200,847.9200,847.5750,847.5750,1700
1489605250,848.3299,848.3300,847.7800,847.9200,12300
1489605301,848.4512,848.6300,848.2601,848.2601,7400
1489605383,848.0400,848.5900,848.0400,848.5400,1700
1489605431,848.5699,848.6299,848.3550,848.3900,7900
1489605497,848.2140,848.6000,848.2140,848.4500,3300
1489605596,848.2400,848.4775,848.1400,848.2900,2300
1489605605,848.1100,848.4900,848.1100,848.4900,1900
1489605661,848.2994,848.2994,848.2994,848.2994,3100
1489605734,847.8500,848.4100,847.8500,848.2300,1500
1489605781,848.0601,848.2000,848.0601,848.2000,3000
1489605840,848.3100,848.3100,848.0700,848.1800,2400
1489605910,848.2800,848.4500,848.2700,848.3600,2600
1489605965,848.2599,848.4999,848.1900,848.3900,68200
1489606027,848.0200,848.3600,848.0100,848.3600,1800
1489606083,847.9000,848.0800,847.7510,848.0000,9700
1489606151,847.9300,848.0180,847.8500,847.8700,2400
1489606210,847.8200,847.9399,847.7401,847.9399,10400
1489606260,847.7950,847.8699,847.7500,847.7900,6300
1489606320,847.6500,847.7800,847.6500,847.7500,4000
1489606438,847.7500,847.8500,847.5900,847.5900,12100
1489606440,847.3500,847.8150,847.3400,847.7401,21900
1489606557,847.2900,847.4600,847.1700,847.1700,1800
1489606560,847.1801,847.3500,847.1000,847.3000,7600
1489606629,847.3799,847.5100,847.1500,847.1900,6600
1489606688,847.4800,847.5600,847.3700,847.4232,3000
1489606743,847.4550,847.5450,847.3200,847.4400,1700
1489606857,847.5100,847.6200,847.4300,847.4500,4300
1489606860,847.6800,847.7000,847.4500,847.5600,2600
1489606972,847.8300,847.8300,847.5700,847.6160,6300
1489606988,847.4200,847.8200,847.4076,847.7650,5600
1489607054,846.9600,847.3500,846.9600,847.3500,3900
1489607106,847.3200,847.3200,847.0150,847.0900,3700
1489607170,847.3100,847.4300,847.0700,847.4300,5500
1489607224,846.8500,847.4400,846.8500,847.4400,4300
1489607284,846.3800,846.8500,846.3800,846.8500,9200
1489607343,846.5350,846.6900,846.3500,846.3500,5300
1489607400,847.4300,847.4300,846.6300,846.6500,9000
1489607519,847.4000,847.6150,847.1801,847.4300,9400
1489607520,847.1400,847.4700,847.1000,847.3650,4900
1489607636,847.6100,847.6500,847.0000,847.1450,8600
1489607698,847.6700,847.7700,847.4500,847.4850,9000
1489607701,847.4800,847.7000,847.4800,847.6300,8400
1489607764,847.5001,847.6100,847.2700,847.2900,9700
1489607821,847.2800,847.5001,847.2000,847.4600,16000
1489607880,847.4000,847.5600,847.2000,847.3440,17900
1489607940,847.1300,847.4700,846.6900,847.3799,50700
1489608000,847.2000,847.2000,847.2000,847.2000,78400
