1480429844,60.7064,60.7400,60.6300,60.6400,324900
1480429871,60.7500,60.8000,60.6800,60.8000,134600
1480429921,60.8000,60.8000,60.7500,60.7750,50800
1480430038,60.7700,60.8100,60.7100,60.7950,60700
1480430041,60.7700,60.8300,60.7400,60.7800,34700
1480430100,60.7700,60.8000,60.7350,60.7650,96100
1480430162,60.8000,60.8100,60.7600,60.7689,23900
1480430221,60.7900,60.8100,60.7800,60.7950,43800
1480430286,60.7600,60.7900,60.7550,60.7800,42600
1480430398,60.7640,60.7884,60.7400,60.7550,17900
1480430459,60.7501,60.7600,60.7200,60.7600,56000
1480430462,60.7350,60.7558,60.7200,60.7550,25900
1480430520,60.7300,60.7400,60.7200,60.7300,14100
1480430585,60.7600,60.7700,60.7200,60.7400,17200
1480430644,60.7150,60.7600,60.7000,60.7500,34400
1480430700,60.6700,60.7100,60.6500,60.7100,55100
1480430761,60.6501,60.6700,60.6390,60.6600,43800
1480430878,60.6700,60.7000,60.6550,60.6600,44200
1480430880,60.6600,60.6800,60.6450,60.6750,27300
1480430940,60.6000,60.6600,60.5900,60.6508,61100
1480431000,60.6050,60.6300,60.5700,60.5999,61600
1480431061,60.5800,60.6200,60.5500,60.6000,30600
1480431121,60.5800,60.5800,60.5600,60.5750,19200
1480431180,60.5700,60.5750,60.5450,60.5750,43000
1480431299,60.5650,60.5700,60.5450,60.5654,37900
1480431300,60.5350,60.5600,60.5200,60.5600,31600
1480431360,60.5900,60.5900,60.5250,60.5400,39500
1480431422,60.6300,60.6400,60.5930,60.6000,23000
1480431480,60.5700,60.6350,60.5700,60.6350,37000
1480431540,60.5700,60.6000,60.5600,60.5800,32000
1480431600,60.5750,60.6150,60.5550,60.5650,51300
1480431719,60.5700,60.5950,60.5500,60.5700,36000
1480431777,60.5750,60.6000,60.5500,60.5662,39100
1480431781,60.5600,60.5800,60.5450,60.5800,23500
1480431898,60.5530,60.5800,60.5300,60.5700,33600
1480431900,60.5700,60.5900,60.5550,60.5600,32000
1480431961,60.5800,60.5800,60.5600,60.5799,12100
1480432025,60.6250,60.6300,60.5700,60.5700,34500
1480432082,60.6600,60.6700,60.6100,60.6200,44200
1480432142,60.6650,60.6700,60.6485,60.6650,24500
1480432201,60.6700,60.6800,60.6600,60.6600,36200
1480432263,60.6500,60.6800,60.6500,60.6699,24600
1480432322,60.6700,60.6800,60.6550,60.6600,17200
1480432382,60.6700,60.6750,60.6500,60.6650,19300
1480432444,60.6800,60.6800,60.6600,60.6630,12200
1480432500,60.6600,60.6785,60.6600,60.6700,5400
1480432562,60.6700,60.6800,60.6450,60.6650,18800
1480432620,60.6500,60.6600,60.6400,60.6600,13300
1480432687,60.6300,60.6500,60.6100,60.6400,21300
1480432794,60.6356,60.6500,60.6200,60.6250,26400
1480432801,60.6900,60.7000,60.6200,60.6400,57100
1480432861,60.6700,60.7000,60.6600,60.7000,18600
1480432922,60.6700,60.6800,60.6648,60.6650,17500
1480432984,60.6700,60.6800,60.6600,60.6650,38900
1480433041,60.6600,60.6699,60.6400,60.6699,21600
1480433157,60.6650,60.6700,60.6550,60.6550,11000
1480433161,60.6500,60.6600,60.6400,60.6600,20900
1480433220,60.6350,60.6500,60.6300,60.6434,12600
1480433282,60.6411,60.6550,60.6200,60.6400,32400
1480433340,60.6500,60.6600,60.6368,60.6450,20300
1480433400,60.6800,60.6800,60.6500,60.6501,30000
1480433460,60.7500,60.7500,60.6750,60.6750,65800
1480433521,60.7700,60.7700,60.7400,60.7434,15000
1480433584,60.7750,60.8000,60.7650,60.7650,22200
1480433644,60.7831,60.8000,60.7700,60.7725,19400
1480433700,60.7800,60.7850,60.7650,60.7800,33800
1480433763,60.7750,60.7800,60.7700,60.7700,31900
1480433823,60.7600,60.7800,60.7500,60.7700,41300
1480433883,60.7500,60.7700,60.7500,60.7550,11000
1480433997,60.7690,60.7700,60.7442,60.7448,10700
1480434000,60.7600,60.7800,60.7600,60.7700,16100
1480434062,60.7500,60.7900,60.7450,60.7690,29500
1480434126,60.7800,60.7800,60.7500,60.7600,31800
1480434238,60.8003,60.8003,60.7700,60.7750,19700
1480434240,60.8260,60.8500,60.8000,60.8000,77700
1480434359,60.8240,60.8367,60.8200,60.8300,16400
1480434360,60.8300,60.8500,60.8250,60.8250,28200
1480434475,60.8331,60.8500,60.8300,60.8337,12200
1480434481,60.8600,60.8800,60.8300,60.8300,27000
1480434544,60.8800,60.8900,60.8600,60.8700,32900
1480434607,60.8600,60.8900,60.8500,60.8801,20800
1480434669,60.8600,60.8700,60.8443,60.8700,12500
1480434720,60.8700,60.8800,60.8510,60.8634,22800
1480434782,60.8650,60.8800,60.8500,60.8650,22600
1480434840,60.8650,60.8750,60.8500,60.8600,53900
1480434902,60.9000,60.9000,60.8700,60.8700,57200
1480435019,60.9001,60.9066,60.8844,60.8900,26700
1480435079,60.9057,60.9100,60.8950,60.9000,24300
1480435080,60.9000,60.9100,60.8950,60.9000,31500
1480435141,60.9100,60.9200,60.9000,60.9062,22900
1480435200,60.9000,60.9250,60.8900,60.9200,49800
1480435266,60.9000,60.9100,60.8910,60.9001,41300
1480435322,60.8800,60.9100,60.8800,60.9034,56800
1480435385,60.8800,60.8900,60.8600,60.8811,33600
1480435441,60.8801,60.8900,60.8700,60.8862,24300
1480435510,60.8600,60.8844,60.8600,60.8844,20200
1480435563,60.8600,60.8800,60.8600,60.8700,22500
1480435677,60.8500,60.8700,60.8400,60.8667,21700
1480435682,60.8300,60.8500,60.8300,60.8447,19200
1480435743,60.8350,60.8400,60.8200,60.8250,22900
1480435859,60.8300,60.8400,60.8300,60.8400,19800
1480435860,60.8347,60.8400,60.8300,60.8360,14600
1480435921,60.8701,60.8900,60.8300,60.8300,48300
1480435987,60.8750,60.8800,60.8700,60.8701,6000
1480436045,60.8700,60.8800,60.8606,60.8734,3003000
1480436102,60.8850,60.8900,60.8650,60.8800,83900
1480436216,60.8990,60.9050,60.8800,60.8800,33000
1480436278,60.9066,60.9200,60.8900,60.8900,26900
1480436281,60.9150,60.9200,60.9014,60.9014,40500
1480436340,60.9500,60.9500,60.9100,60.9100,36100
1480436401,60.9450,60.9500,60.9300,60.9499,110000
1480436466,60.9500,60.9500,60.9400,60.9500,43600
1480436524,60.9500,60.9750,60.9500,60.9590,60900
1480436639,60.9500,60.9600,60.9500,60.9600,18200
1480436640,60.9600,60.9600,60.9500,60.9501,21700
1480436710,60.9700,60.9700,60.9500,60.9553,19200
1480436819,60.9560,60.9650,60.9500,60.9600,28800
1480436879,60.9750,60.9800,60.9500,60.9500,17700
1480436880,60.9850,60.9950,60.9500,60.9700,58400
1480436999,60.9900,61.0000,60.9800,60.9800,66700
1480437001,61.0300,61.0400,60.9900,60.9990,85800
1480437117,61.0444,61.0500,61.0300,61.0399,19700
1480437178,61.0600,61.0800,61.0300,61.0478,77700
1480437180,61.0800,61.0900,61.0450,61.0693,66000
1480437240,61.1050,61.1200,61.0750,61.0850,135200
1480437301,61.1600,61.1650,61.1100,61.1100,69200
1480437367,61.1850,61.1900,61.1500,61.1556,45300
1480437479,61.2000,61.2150,61.1800,61.1900,118500
1480437482,61.2350,61.2500,61.1900,61.1950,155100
1480437543,61.1900,61.2400,61.1800,61.2300,43500
1480437659,61.1500,61.2000,61.1500,61.1874,43300
1480437660,61.1800,61.2000,61.1500,61.1600,86400
1480437779,61.2140,61.2300,61.1799,61.1799,30700
1480437781,61.2401,61.2450,61.2040,61.2100,18600
1480437842,61.2500,61.2599,61.2300,61.2400,73500
1480437901,61.2500,61.2611,61.2400,61.2600,46600
1480437960,61.2400,61.2600,61.2400,61.2600,28700
1480438077,61.2350,61.2500,61.2200,61.2500,14100
1480438080,61.2560,61.2699,61.2390,61.2400,16200
1480438142,61.2500,61.2699,61.2500,61.2500,48400
1480438201,61.2500,61.2800,61.2500,61.2600,40200
1480438317,61.2493,61.2800,61.2400,61.2566,29600
1480438321,61.2600,61.2700,61.2500,61.2500,23900
1480438387,61.2650,61.2700,61.2450,61.2550,14700
1480438442,61.2600,61.2700,61.2450,61.2600,14400
1480438506,61.2500,61.2656,61.2500,61.2500,26100
1480438617,61.2590,61.2800,61.2500,61.2550,24900
1480438620,61.2700,61.2700,61.2465,61.2500,31500
1480438685,61.2700,61.2800,61.2600,61.2601,25500
1480438746,61.2900,61.2900,61.2600,61.2600,55300
1480438800,61.2900,61.2950,61.2800,61.2950,22300
1480438862,61.3100,61.3111,61.2800,61.2833,70100
1480438924,61.3400,61.3400,61.3099,61.3099,38400
1480439039,61.3247,61.3400,61.3200,61.3360,32500
1480439041,61.3290,61.3300,61.3200,61.3299,11300
1480439104,61.3300,61.3350,61.3200,61.3300,17400
1480439161,61.3150,61.3300,61.3000,61.3289,45200
1480439220,61.3400,61.3400,61.3100,61.3100,57800
1480439339,61.3400,61.3400,61.3300,61.3334,10700
1480439342,61.3500,61.3600,61.3352,61.3352,77700
1480439458,61.3040,61.3699,61.3000,61.3600,32600
1480439460,61.2900,61.3002,61.2400,61.3002,97100
1480439522,61.2900,61.3000,61.2850,61.2850,19400
1480439589,61.2900,61.2971,61.2800,61.2832,13300
1480439640,61.2800,61.3000,61.2700,61.2941,66100
1480439759,61.2450,61.2752,61.2450,61.2600,36100
1480439760,61.2250,61.2600,61.2200,61.2500,30600
1480439879,61.2200,61.2300,61.2100,61.2200,29000
1480439880,61.1700,61.2200,61.1700,61.2150,100200
1480439944,61.1900,61.2000,61.1700,61.1742,30500
1480440012,61.1900,61.2100,61.1900,61.1950,35600
1480440060,61.2000,61.2100,61.1900,61.2000,69300
1480440178,61.2200,61.2300,61.1900,61.1900,61100
1480440238,61.1852,61.2300,61.1700,61.2150,96000
1480440240,61.1850,61.2000,61.1800,61.1900,21800
1480440301,61.1800,61.1830,61.1600,61.1800,27900
1480440418,61.2299,61.2300,61.1750,61.1750,31000
1480440420,61.2200,61.2350,61.2100,61.2200,32600
1480440491,61.2348,61.2400,61.2100,61.2193,23200
1480440542,61.2550,61.2651,61.2350,61.2400,113200
1480440611,61.2650,61.2750,61.2600,61.2600,49400
1480440666,61.2650,61.2700,61.2600,61.2700,16900
1480440723,61.2550,61.2750,61.2550,61.2600,41300
1480440781,61.2700,61.2700,61.2500,61.2500,56800
1480440841,61.2667,61.2766,61.2600,61.2654,21500
1480440904,61.2599,61.2700,61.2500,61.2700,20800
1480440960,61.2500,61.2600,61.2300,61.2511,26400
1480441020,61.2300,61.2490,61.2201,61.2490,21500
1480441081,61.2100,61.2400,61.2100,61.2368,51500
1480441144,61.1800,61.2200,61.1800,61.2101,59400
1480441200,61.1900,61.1900,61.1650,61.1801,37400
1480441264,61.1950,61.1999,61.1850,61.1850,8800
1480441327,61.2150,61.2150,61.1950,61.2000,19200
1480441382,61.2200,61.2400,61.2100,61.2134,29000
1480441499,61.2220,61.2260,61.2100,61.2170,10500
1480441558,61.2101,61.2300,61.2100,61.2300,12200
1480441560,61.2300,61.2400,61.2150,61.2150,67500
1480441626,61.2450,61.2500,61.2278,61.2278,23000
1480441684,61.2550,61.2600,61.2450,61.2500,20400
1480441743,61.2670,61.2900,61.2500,61.2600,57000
1480441800,61.2575,61.2700,61.2500,61.2600,27500
1480441865,61.2400,61.2599,61.2400,61.2565,16700
1480441925,61.2450,61.2600,61.2400,61.2450,22700
1480441990,61.2503,61.2600,61.2400,61.2400,36300
1480442094,61.2699,61.2700,61.2500,61.2550,37200
1480442157,61.2554,61.2750,61.2500,61.2700,31100
1480442161,61.2600,61.2600,61.2510,61.2537,14000
1480442224,61.2750,61.2800,61.2514,61.2564,41000
1480442337,61.3038,61.3150,61.2800,61.2800,82800
1480442340,61.3000,61.3250,61.2965,61.3068,24300
1480442409,61.3050,61.3050,61.2900,61.3010,15000
1480442519,61.2900,61.3100,61.2900,61.3033,43800
1480442520,61.3000,61.3100,61.2900,61.2950,56100
1480442587,61.2900,61.3000,61.2900,61.2900,7800
1480442699,61.2956,61.3000,61.2900,61.3000,3900
1480442701,61.2990,61.3000,61.2900,61.2981,6900
1480442764,61.2946,61.3000,61.2900,61.2900,16800
1480442820,61.3000,61.3000,61.2900,61.2900,18500
1480442880,61.3000,61.3000,61.2900,61.2900,8200
1480442943,61.3000,61.3050,61.2900,61.2940,25100
1480443007,61.3300,61.3300,61.2900,61.2999,78800
1480443114,61.3241,61.3300,61.3201,61.3201,7600
1480443120,61.3300,61.3300,61.3200,61.3300,16700
1480443236,61.3250,61.3400,61.3214,61.3214,32700
1480443240,61.2999,61.3250,61.2900,61.3200,29800
1480443301,61.2960,61.3000,61.2900,61.2942,23100
1480443367,61.3070,61.3100,61.2900,61.2900,14900
1480443479,61.3000,61.3100,61.2901,61.3100,9000
1480443481,61.3100,61.3100,61.2900,61.2990,12300
1480443548,61.3200,61.3200,61.3101,61.3135,9200
1480443659,61.3267,61.3350,61.3167,61.3167,29300
1480443660,61.3350,61.3400,61.3201,61.3234,8900
1480443722,61.3250,61.3400,61.3200,61.3400,16200
1480443780,61.3100,61.3300,61.3100,61.3241,25600
1480443846,61.3300,61.3350,61.2950,61.3000,17700
1480443901,61.3200,61.3400,61.3014,61.3200,18600
1480444018,61.3058,61.3164,61.3000,61.3150,5500
1480444025,61.3150,61.3200,61.2900,61.3000,16400
1480444098,61.3000,61.3241,61.3000,61.3100,40200
1480444143,61.3250,61.3300,61.3000,61.3022,45300
1480444200,61.3250,61.3300,61.3200,61.3200,9500
1480444262,61.3342,61.3380,61.3200,61.3300,14100
1480444325,61.3350,61.3500,61.3300,61.3400,26000
1480444391,61.3311,61.3311,61.3200,61.3300,36800
1480444496,61.3350,61.3418,61.3300,61.3350,32300
1480444502,61.3400,61.3400,61.3300,61.3400,12400
1480444575,61.3401,61.3500,61.3350,61.3350,5700
1480444622,61.3800,61.3800,61.3420,61.3478,40900
1480444681,61.3861,61.3900,61.3750,61.3750,11400
1480444743,61.3900,61.3900,61.3800,61.3800,12900
1480444856,61.3700,61.3900,61.3600,61.3899,27100
1480444862,61.3750,61.3800,61.3600,61.3600,20100
1480444920,61.3858,61.4000,61.3777,61.3800,24200
1480445036,61.3862,61.3900,61.3800,61.3800,9900
1480445040,61.3840,61.3900,61.3800,61.3834,9300
1480445104,61.4000,61.4100,61.3800,61.3855,32600
1480445164,61.3985,61.4100,61.3900,61.4058,17500
1480445222,61.4000,61.4100,61.3900,61.3950,18500
1480445280,61.3836,61.3950,61.3800,61.3936,23600
1480445342,61.3900,61.3900,61.3800,61.3900,7600
1480445405,61.3900,61.3900,61.3800,61.3853,5000
1480445465,61.3800,61.3900,61.3700,61.3820,46200
1480445520,61.3899,61.3900,61.3800,61.3850,24400
1480445583,61.3850,61.3900,61.3800,61.3850,6800
1480445648,61.3740,61.3840,61.3700,61.3800,40200
1480445701,61.3806,61.3900,61.3748,61.3748,20200
1480445760,61.4000,61.4000,61.3715,61.3800,53600
1480445878,61.3950,61.4050,61.3900,61.3902,60300
1480445883,61.4000,61.4050,61.3910,61.3945,20300
1480445941,61.3700,61.4000,61.3700,61.3940,61400
1480446002,61.3736,61.3800,61.3700,61.3800,27000
1480446116,61.3708,61.3800,61.3700,61.3750,11300
1480446125,61.3533,61.3790,61.3400,61.3790,121400
1480446185,61.3550,61.3600,61.3400,61.3600,13000
1480446243,61.3700,61.3700,61.3500,61.3530,27400
1480446356,61.3700,61.3900,61.3600,61.3600,48300
1480446361,61.3900,61.3900,61.3750,61.3750,31300
1480446479,61.3700,61.3900,61.3600,61.3850,71300
1480446482,61.3600,61.3700,61.3600,61.3600,26100
1480446545,61.3300,61.3500,61.3150,61.3500,87200
1480446607,61.3350,61.3400,61.3200,61.3400,13700
1480446719,61.3350,61.3399,61.3300,61.3330,12200
1480446721,61.3300,61.3390,61.3200,61.3300,22900
1480446787,61.3400,61.3400,61.3300,61.3364,11800
1480446844,61.3450,61.3500,61.3300,61.3300,47100
1480446958,61.3450,61.3500,61.3400,61.3400,9100
1480447019,61.3490,61.3600,61.3400,61.3500,21900
1480447078,61.3430,61.3550,61.3410,61.3460,17600
1480447080,61.3450,61.3500,61.3400,61.3400,4600
1480447140,61.3700,61.3700,61.3460,61.3460,25500
1480447200,61.3700,61.3700,61.3600,61.3641,8100
1480447260,61.3900,61.4000,61.3600,61.3600,92600
1480447323,61.4000,61.4000,61.3900,61.4000,53900
1480447387,61.3950,61.4000,61.3900,61.3998,26000
1480447440,61.3985,61.4000,61.3900,61.3961,12500
1480447559,61.3800,61.4000,61.3750,61.3932,36300
1480447563,61.3700,61.3800,61.3600,61.3700,25700
1480447622,61.3556,61.3800,61.3550,61.3722,14300
1480447683,61.3599,61.3600,61.3500,61.3500,7000
1480447747,61.3600,61.3600,61.3500,61.3550,10600
1480447802,61.3700,61.3700,61.3450,61.3560,47600
1480447864,61.3800,61.3800,61.3600,61.3600,9700
1480447920,61.4000,61.4050,61.3799,61.3799,26100
1480447984,61.3600,61.3950,61.3600,61.3950,122100
1480448041,61.3500,61.3600,61.3300,61.3501,46100
1480448103,61.3450,61.3550,61.3200,61.3550,71100
1480448162,61.3450,61.3500,61.3350,61.3400,49000
1480448223,61.3600,61.3600,61.3400,61.3401,16000
1480448284,61.3550,61.3600,61.3500,61.3540,7700
1480448341,61.3699,61.3700,61.3500,61.3600,32100
1480448401,61.3500,61.3866,61.3500,61.3700,34400
1480448461,61.3900,61.3900,61.3550,61.3550,63600
1480448521,61.3800,61.3850,61.3600,61.3800,49700
1480448633,61.3700,61.3800,61.3600,61.3731,19900
1480448641,61.3850,61.3900,61.3699,61.3699,18800
1480448704,61.3744,61.3950,61.3700,61.3900,33000
1480448760,61.3800,61.3900,61.3701,61.3734,13600
1480448821,61.3800,61.3900,61.3800,61.3850,17600
1480448882,61.3500,61.3900,61.3500,61.3862,40600
1480448993,61.3550,61.3600,61.3500,61.3560,11200
1480449001,61.3500,61.3600,61.3500,61.3500,10300
1480449060,61.3400,61.3600,61.3300,61.3550,101600
1480449120,61.3400,61.3500,61.3200,61.3450,55800
1480449238,61.3200,61.3450,61.3000,61.3450,78400
1480449240,61.3244,61.3300,61.3100,61.3150,16800
1480449300,61.3100,61.3300,61.3100,61.3200,52800
1480449362,61.3300,61.3300,61.3100,61.3250,16300
1480449479,61.3299,61.3300,61.3200,61.3250,13000
1480449539,61.3299,61.3300,61.3200,61.3270,20300
1480449540,61.3000,61.3300,61.3000,61.3250,57700
1480449603,61.2901,61.3100,61.2900,61.3080,73600
1480449661,61.3000,61.3200,61.2800,61.2900,87600
1480449720,61.3050,61.3100,61.2900,61.2950,52200
1480449839,61.3050,61.3100,61.2900,61.3100,123300
1480449840,61.2950,61.3100,61.2900,61.3000,53500
1480449959,61.2850,61.3000,61.2800,61.2925,56800
1480449960,61.2600,61.2900,61.2550,61.2900,27400
1480450021,61.2559,61.2700,61.2500,61.2550,58000
1480450080,61.2350,61.2550,61.2300,61.2500,33900
1480450141,61.2700,61.2750,61.2300,61.2301,86100
1480450200,61.2350,61.2650,61.2300,61.2650,49000
1480450263,61.2050,61.2400,61.2000,61.2355,53600
1480450320,61.2350,61.2400,61.2000,61.2010,84600
1480450380,61.2338,61.2600,61.2300,61.2300,63800
1480450450,61.2300,61.2499,61.2200,61.2350,17900
1480450503,61.2300,61.2300,61.2200,61.2299,23800
1480450561,61.2359,61.2400,61.2200,61.2250,24200
1480450623,61.2250,61.2400,61.2200,61.2350,55400
1480450680,61.1900,61.2400,61.1800,61.2200,151300
1480450740,61.1700,61.1885,61.1650,61.1885,20700
1480450803,61.1400,61.1800,61.1300,61.1707,62000
1480450863,61.1650,61.1700,61.1400,61.1499,42400
1480450921,61.1800,61.1800,61.1600,61.1630,20300
1480451039,61.1655,61.1900,61.1600,61.1701,28500
1480451099,61.1660,61.1700,61.1600,61.1650,9300
1480451103,61.1600,61.1750,61.1600,61.1650,36100
1480451163,61.1550,61.1600,61.1500,61.1550,26600
1480451220,61.1750,61.1750,61.1500,61.1500,63600
1480451280,61.1800,61.1800,61.1700,61.1800,24900
1480451342,61.1750,61.1800,61.1700,61.1734,21400
1480451404,61.1450,61.1750,61.1400,61.1700,72500
1480451460,61.1350,61.1500,61.1300,61.1480,50000
1480451520,61.1651,61.1675,61.1300,61.1300,74900
1480451580,61.1750,61.1750,61.1500,61.1600,25900
1480451640,61.1650,61.1800,61.1600,61.1700,20100
1480451703,61.1850,61.1900,61.1615,61.1700,29200
1480451818,61.1850,61.1900,61.1800,61.1898,39100
1480451820,61.1700,61.2000,61.1700,61.1900,45700
1480451882,61.1650,61.1750,61.1600,61.1750,42900
1480451998,61.1016,61.1700,61.1000,61.1600,72600
1480452058,61.1200,61.1300,61.1000,61.1000,72600
1480452060,61.1150,61.1200,61.1100,61.1150,17300
1480452120,61.1000,61.1200,61.0900,61.1100,68600
1480452190,61.1000,61.1100,61.1000,61.1001,12900
1480452242,61.1200,61.1400,61.1000,61.1050,57600
1480452301,61.0700,61.1150,61.0700,61.1100,80100
1480452361,61.0600,61.0800,61.0600,61.0750,36300
1480452425,61.0850,61.0900,61.0600,61.0680,94800
1480452539,61.0550,61.0900,61.0500,61.0890,39300
1480452540,61.0500,61.0700,61.0500,61.0500,99000
1480452659,61.0400,61.0600,61.0300,61.0550,165600
1480452719,61.0542,61.0600,61.0450,61.0500,57600
1480452720,61.0700,61.0744,61.0500,61.0500,104500
1480452838,61.0600,61.0800,61.0600,61.0750,85500
1480452840,61.0899,61.0900,61.0600,61.0650,128600
1480452900,61.0800,61.1200,61.0800,61.0800,127700
1480452960,61.0800,61.1000,61.0600,61.0850,90400
1480453020,61.0650,61.0900,61.0500,61.0750,117500
1480453139,61.0640,61.0700,61.0300,61.0700,204300
1480453140,61.1100,61.1100,61.0300,61.0600,499600
1480453200,61.0900,61.0900,61.0900,61.0900,2395400
1480516200,61.0500,61.1500,60.8600,60.8600,530600
1480516262,61.0900,61.0900,61.0100,61.0700,132600
1480516322,61.1500,61.1800,61.0700,61.0964,108400
1480516381,60.9600,61.1700,60.9500,61.1400,192200
1480516440,60.9900,61.0350,60.9500,60.9550,78300
1480516500,61.0600,61.0600,60.9800,60.9850,136000
1480516618,61.0098,61.0563,61.0000,61.0500,59600
1480516620,61.0200,61.0300,61.0050,61.0100,27000
1480516739,61.0000,61.0550,60.9900,61.0100,102700
1480516740,60.9900,61.0100,60.9700,60.9900,87100
1480516800,61.0750,61.1000,60.9850,60.9850,50700
1480516860,61.0699,61.0800,61.0300,61.0700,61100
1480516920,61.1200,61.1400,61.0550,61.0650,33300
1480516980,61.0800,61.1450,61.0700,61.1150,59100
1480517040,61.0800,61.1100,61.0600,61.0900,53000
1480517100,61.0300,61.1400,61.0300,61.0900,93100
1480517160,61.0300,61.0650,60.9900,61.0650,83800
1480517223,61.0550,61.0600,61.0000,61.0399,62200
1480517284,60.9900,61.0550,60.9700,61.0500,51100
1480517341,60.9300,60.9900,60.9100,60.9823,40500
1480517459,60.8300,60.9300,60.8100,60.9250,118600
1480517460,60.7950,60.8460,60.7900,60.8400,83200
1480517521,60.8000,60.8100,60.7700,60.8000,72400
1480517639,60.7700,60.8050,60.7700,60.7900,58000
1480517640,60.7400,60.7900,60.7300,60.7750,81100
1480517759,60.7450,60.7800,60.7400,60.7500,56500
1480517760,60.7500,60.7700,60.7400,60.7500,38400
1480517821,60.7650,60.7800,60.7400,60.7600,47300
1480517882,60.7800,60.7800,60.7600,60.7600,39600
1480517940,60.7650,60.7800,60.7600,60.7700,37600
1480518000,60.7100,60.7800,60.6600,60.7700,152700
1480518060,60.7300,60.7300,60.6850,60.7200,49700
1480518121,60.7200,60.7300,60.7050,60.7250,75900
1480518180,60.7600,60.8100,60.7150,60.7150,77300
1480518242,60.7600,60.7600,60.7350,60.7550,38000
1480518300,60.7800,60.7800,60.7400,60.7550,52300
1480518360,60.8000,60.8099,60.7500,60.7700,89500
1480518421,60.8400,60.8550,60.8000,60.8100,56800
1480518481,60.8000,60.8500,60.8000,60.8500,46500
1480518540,60.8550,60.8600,60.7900,60.7900,51700
1480518658,60.8700,60.8900,60.8400,60.8500,90800
1480518664,60.9100,60.9200,60.8700,60.8729,95800
1480518779,60.8700,60.9100,60.8700,60.9000,69300
1480518780,60.9350,60.9500,60.8750,60.8790,133500
1480518840,61.0000,61.0100,60.9300,60.9300,140100
1480518900,60.9200,61.0100,60.9200,60.9900,166400
1480518961,60.7800,60.9200,60.7700,60.9150,72700
1480519022,60.8300,60.8400,60.7600,60.7700,91600
1480519080,60.7700,60.8250,60.7550,60.8250,48100
1480519142,60.7550,60.7900,60.7500,60.7800,27100
1480519200,60.7600,60.8100,60.7400,60.7500,65300
1480519262,60.7500,60.7700,60.7500,60.7650,66600
1480519322,60.7100,60.7599,60.7100,60.7550,87600
1480519380,60.7200,60.7400,60.7000,60.7000,78900
1480519499,60.6654,60.7185,60.6650,60.7150,138200
1480519500,60.6900,60.7000,60.6450,60.6600,86900
1480519561,60.6400,60.7200,60.6400,60.7000,34900
1480519678,60.6736,60.7000,60.6399,60.6399,34000
1480519739,60.6862,60.7000,60.6638,60.6700,34800
1480519740,60.7100,60.7250,60.6750,60.6750,42000
1480519801,60.7200,60.7450,60.7050,60.7050,73300
1480519919,60.7267,60.7400,60.6900,60.7100,38700
1480519920,60.7400,60.7400,60.7200,60.7200,55900
1480519981,60.7470,60.7600,60.7350,60.7500,40600
1480520041,60.7666,60.7700,60.7300,60.7500,30600
1480520101,60.7300,60.7700,60.7300,60.7700,37300
1480520162,60.8000,60.8100,60.7200,60.7201,44700
1480520220,60.8047,60.8100,60.7850,60.7900,21700
1480520282,60.8100,60.8350,60.8000,60.8050,23800
1480520346,60.8300,60.8300,60.8050,60.8050,17600
1480520401,60.8450,60.8550,60.8200,60.8250,31900
1480520463,60.8858,60.8900,60.8450,60.8500,51900
1480520521,60.8800,60.9000,60.8800,60.8800,22200
1480520581,60.8850,60.8900,60.8600,60.8850,43300
1480520650,60.8310,60.8800,60.8310,60.8800,24600
1480520701,60.8650,60.8800,60.8350,60.8366,95500
1480520817,60.8835,60.8835,60.8600,60.8600,62500
1480520822,60.8900,60.9000,60.8750,60.8800,60400
1480520880,60.8700,60.9100,60.8650,60.8850,40300
1480520942,60.8200,60.8700,60.8200,60.8650,47500
1480521000,60.8000,60.8192,60.8000,60.8150,24400
1480521060,60.7858,60.8100,60.7800,60.8050,51900
1480521120,60.7900,60.8000,60.7800,60.7801,32000
1480521181,60.7700,60.7999,60.7700,60.7950,12300
1480521240,60.7900,60.7900,60.7600,60.7750,43200
1480521308,60.7700,60.7800,60.7600,60.7800,36800
1480521366,60.7550,60.7700,60.7500,60.7650,27500
1480521421,60.7500,60.7700,60.7500,60.7600,95700
1480521487,60.7515,60.7565,60.7450,60.7550,53200
1480521598,60.7550,60.7700,60.7500,60.7600,45400
1480521659,60.7244,60.7599,60.7244,60.7500,29800
1480521662,60.7100,60.7250,60.6900,60.7250,18000
1480521721,60.6800,60.7200,60.6800,60.7200,69600
1480521783,60.6900,60.6999,60.6800,60.6850,24300
1480521840,60.6680,60.6899,60.6632,60.6899,31200
1480521900,60.7150,60.7200,60.6700,60.6700,31200
1480521960,60.7500,60.7600,60.7150,60.7200,70000
1480522021,60.8157,60.8200,60.7500,60.7600,80700
1480522138,60.7749,60.8150,60.7700,60.8100,70700
1480522142,60.7900,60.7900,60.7650,60.7700,24900
1480522205,60.7951,60.8200,60.7850,60.7850,52000
1480522260,60.7750,60.7900,60.7700,60.7900,27600
1480522321,60.7750,60.7800,60.7650,60.7700,31800
1480522380,60.7800,60.7800,60.7700,60.7800,37500
1480522443,60.7800,60.7850,60.7650,60.7850,64600
1480522559,60.7450,60.7800,60.7400,60.7750,72500
1480522560,60.7400,60.7550,60.7300,60.7400,36100
1480522624,60.7600,60.7600,60.7250,60.7352,65600
1480522739,60.7465,60.7700,60.7400,60.7538,48900
1480522740,60.7465,60.7600,60.7350,60.7450,68500
1480522800,60.7500,60.7650,60.7300,60.7450,42500
1480522875,60.8000,60.8000,60.7500,60.7539,40300
1480522920,60.7850,60.8000,60.7800,60.7900,33200
1480522983,60.7800,60.7800,60.7600,60.7800,28600
1480523099,60.7590,60.7800,60.7550,60.7799,25200
1480523100,60.7566,60.7600,60.7500,60.7548,20900
1480523166,60.7600,60.7700,60.7500,60.7501,46100
1480523279,60.6700,60.7590,60.6700,60.7589,58800
1480523280,60.6500,60.6800,60.6500,60.6800,17600
1480523399,60.6190,60.6680,60.6150,60.6535,48900
1480523400,60.6201,60.6350,60.6050,60.6150,41600
1480523461,60.5800,60.6300,60.5800,60.6200,46500
1480523525,60.6200,60.6300,60.5801,60.5900,91300
1480523593,60.6700,60.6800,60.6200,60.6300,63700
1480523641,60.6600,60.6900,60.6600,60.6650,43200
1480523700,60.6600,60.6900,60.6600,60.6650,44900
1480523819,60.6900,60.6900,60.6500,60.6500,30300
1480523820,60.6950,60.7100,60.6750,60.6899,30200
1480523939,60.7439,60.7500,60.6910,60.7000,101200
1480523997,60.6900,60.7500,60.6900,60.7450,84600
1480524057,60.7010,60.7100,60.6850,60.6910,14900
1480524119,60.7000,60.7100,60.6900,60.7100,18300
1480524121,60.7099,60.7150,60.6990,60.7047,25600
1480524190,60.7200,60.7200,60.7000,60.7100,192500
1480524240,60.7300,60.7500,60.7150,60.7150,36600
1480524305,60.7150,60.7300,60.7100,60.7250,31500
1480524419,60.6946,60.7200,60.6900,60.7200,43300
1480524479,60.6650,60.7000,60.6500,60.6900,22100
1480524480,60.6500,60.6750,60.6400,60.6699,32800
1480524540,60.6250,60.6600,60.6200,60.6550,25300
1480524600,60.5500,60.6300,60.5500,60.6300,53300
1480524660,60.5400,60.5568,60.5300,60.5568,66100
1480524779,60.5600,60.5800,60.5300,60.5450,56100
1480524780,60.5200,60.5663,60.5150,60.5663,41200
1480524840,60.5300,60.5500,60.5100,60.5150,31600
1480524959,60.5051,60.5299,60.5000,60.5250,40000
1480525019,60.5050,60.5100,60.4707,60.5000,53600
1480525020,60.5100,60.5350,60.5050,60.5099,71800
1480525139,60.4410,60.5150,60.4400,60.5050,125100
1480525140,60.3850,60.4500,60.3400,60.4500,138100
1480525200,60.4250,60.4600,60.3800,60.3900,49000
1480525260,60.4500,60.4600,60.4000,60.4200,47800
1480525322,60.4700,60.4900,60.4500,60.4700,33600
1480525435,60.4350,60.4700,60.4300,60.4650,33200
1480525499,60.3950,60.4400,60.3850,60.4400,59400
1480525500,60.3550,60.3950,60.3450,60.3850,57900
1480525560,60.3300,60.3539,60.3200,60.3459,63400
1480525623,60.2650,60.3300,60.2600,60.3200,162100
1480525680,60.3000,60.3100,60.2400,60.2600,156100
1480525798,60.3035,60.3400,60.3035,60.3048,48200
1480525859,60.3247,60.3400,60.3000,60.3050,36300
1480525861,60.3400,60.3700,60.3200,60.3200,60100
1480525928,60.3000,60.3400,60.3000,60.3300,64800
1480525980,60.3100,60.3200,60.2950,60.2950,55500
1480526099,60.2590,60.3100,60.2500,60.3050,79700
1480526159,60.2350,60.2700,60.2300,60.2600,70900
1480526160,60.2450,60.2500,60.2300,60.2400,60400
1480526223,60.2350,60.2500,60.2300,60.2461,117700
1480526283,60.2300,60.2500,60.2250,60.2380,155400
1480526340,60.2200,60.2400,60.2200,60.2250,93600
1480526402,60.2450,60.2500,60.2150,60.2150,110200
1480526460,60.2750,60.2800,60.2400,60.2498,74400
1480526521,60.3100,60.3200,60.2734,60.2764,54700
1480526580,60.3200,60.3450,60.3050,60.3050,38500
1480526640,60.3100,60.3250,60.2950,60.3250,17200
1480526758,60.3500,60.3600,60.3150,60.3150,17700
1480526762,60.3550,60.3600,60.3500,60.3600,20300
1480526821,60.3600,60.3800,60.3600,60.3600,24300
1480526880,60.3400,60.3700,60.3300,60.3632,32600
1480526941,60.3300,60.3500,60.3100,60.3300,31900
1480527001,60.3200,60.3300,60.3000,60.3293,21000
1480527063,60.3300,60.3400,60.3250,60.3250,20000
1480527179,60.3361,60.3400,60.3200,60.3344,16400
1480527238,60.3450,60.3500,60.3350,60.3366,15200
1480527299,60.3590,60.3800,60.3407,60.3465,20200
1480527356,60.3400,60.3500,60.3400,60.3500,11900
1480527360,60.3500,60.3600,60.3400,60.3500,21300
1480527420,60.3650,60.3700,60.3400,60.3600,25000
1480527486,60.3900,60.3998,60.3600,60.3600,30100
1480527541,60.3850,60.3960,60.3800,60.3950,15900
1480527605,60.4075,60.4100,60.3800,60.3857,40900
1480527661,60.4100,60.4299,60.4000,60.4100,31400
1480527721,60.4200,60.4200,60.4100,60.4192,13000
1480527780,60.4250,60.4500,60.4150,60.4150,51300
1480527841,60.4300,60.4320,60.4200,60.4300,11100
1480527900,60.4400,60.4600,60.4200,60.4250,80100
1480527960,60.4716,60.4800,60.4400,60.4500,31800
1480528020,60.4600,60.4750,60.4500,60.4700,26300
1480528080,60.4550,60.4650,60.4500,60.4650,11300
1480528151,60.4629,60.4800,60.4500,60.4600,24200
1480528204,60.4700,60.4800,60.4500,60.4600,18400
1480528264,60.4900,60.4900,60.4630,60.4800,23100
1480528323,60.5000,60.5000,60.4735,60.4865,29300
1480528383,60.4950,60.5200,60.4900,60.5100,74700
1480528441,60.5300,60.5350,60.4900,60.5000,21700
1480528503,60.5700,60.5700,60.5300,60.5356,17500
1480528563,60.5650,60.5699,60.5500,60.5600,11500
1480528620,60.5700,60.5900,60.5600,60.5600,30900
1480528682,60.5700,60.5900,60.5700,60.5734,23600
1480528744,60.5608,60.5800,60.5600,60.5650,17800
1480528800,60.5201,60.5750,60.5200,60.5605,59700
1480528862,60.5400,60.5544,60.5200,60.5250,18100
1480528979,60.5365,60.5500,60.5200,60.5366,18900
1480529037,60.5400,60.5500,60.5300,60.5350,10700
1480529040,60.5600,60.5600,60.5400,60.5500,8900
1480529159,60.5550,60.5600,60.5500,60.5566,7400
1480529161,60.5500,60.5600,60.5350,60.5600,37900
1480529221,60.5399,60.5500,60.5300,60.5453,9400
1480529338,60.5456,60.5500,60.5300,60.5400,7800
1480529340,60.5500,60.5600,60.5450,60.5500,15500
1480529400,60.5500,60.5600,60.5500,60.5532,19400
1480529467,60.5500,60.5600,60.5300,60.5600,20900
1480529531,60.5500,60.5600,60.5400,60.5452,20800
1480529636,60.5750,60.5800,60.5500,60.5600,26300
1480529643,60.5900,60.6000,60.5700,60.5800,16200
1480529702,60.5500,60.5982,60.5500,60.5970,39700
1480529765,60.5400,60.5600,60.5400,60.5550,38900
1480529820,60.5600,60.5600,60.5300,60.5450,15200
1480529890,60.5800,60.5800,60.5600,60.5700,21200
1480529947,60.6000,60.6000,60.5787,60.5787,11400
1480530004,60.5700,60.5950,60.5700,60.5900,34000
1480530060,60.5600,60.5800,60.5550,60.5750,59000
1480530129,60.5600,60.5700,60.5501,60.5501,28200
1480530184,60.5200,60.5550,60.5200,60.5500,39900
1480530240,60.5310,60.5400,60.5200,60.5246,9800
1480530303,60.5550,60.5700,60.5310,60.5400,31200
1480530361,60.5600,60.5800,60.5500,60.5544,23700
1480530421,60.5500,60.5698,60.5500,60.5668,11300
1480530483,60.5500,60.5600,60.5300,60.5600,24500
1480530597,60.5499,60.5500,60.5400,60.5450,17300
1480530602,60.5453,60.5500,60.5400,60.5500,16200
1480530660,60.5449,60.5500,60.5400,60.5500,16800
1480530725,60.5450,60.5500,60.5450,60.5500,11300
1480530784,60.5500,60.5500,60.5400,60.5480,6700
1480530842,60.5240,60.5450,60.5100,60.5400,39600
1480530902,60.5250,60.5300,60.5200,60.5264,5900
1480530960,60.5200,60.5300,60.5200,60.5200,12600
1480531027,60.5150,60.5200,60.5100,60.5150,24100
1480531086,60.5300,60.5300,60.5100,60.5200,9200
1480531145,60.5150,60.5300,60.5100,60.5211,19600
1480531204,60.5099,60.5200,60.5000,60.5200,23000
1480531266,60.5000,60.5100,60.5000,60.5090,13100
1480531324,60.4850,60.5100,60.4800,60.5100,44500
1480531382,60.5000,60.5100,60.4935,60.5000,55700
1480531440,60.5300,60.5300,60.5050,60.5050,13700
1480531500,60.5450,60.5500,60.5200,60.5250,33200
1480531562,60.5450,60.5500,60.5400,60.5500,33500
1480531620,60.5600,60.5600,60.5450,60.5500,7400
1480531684,60.5600,60.5700,60.5500,60.5500,22000
1480531740,60.5800,60.5800,60.5601,60.5699,20400
1480531859,60.6000,60.6250,60.5825,60.5900,72200
1480531860,60.5650,60.6100,60.5500,60.6050,44400
1480531920,60.5400,60.5699,60.5400,60.5699,12800
1480532039,60.5500,60.5500,60.5300,60.5450,20800
1480532099,60.5450,60.5500,60.5400,60.5400,7900
1480532102,60.5500,60.5500,60.5400,60.5400,8100
1480532217,60.5599,60.5600,60.5450,60.5450,21000
1480532279,60.5550,60.5600,60.5500,60.5590,11000
1480532281,60.5600,60.5600,60.5400,60.5600,48500
1480532346,60.5700,60.5700,60.5510,60.5550,21600
1480532400,60.5500,60.5700,60.5450,60.5650,28300
1480532519,60.5250,60.5450,60.4900,60.5450,72000
1480532520,60.5000,60.5350,60.5000,60.5264,24900
1480532638,60.5241,60.5300,60.4900,60.5007,84100
1480532698,60.5092,60.5200,60.4950,60.5200,14700
1480532700,60.5100,60.5200,60.5000,60.5000,46500
1480532764,60.4300,60.5200,60.4250,60.5200,89300
1480532821,60.4000,60.4400,60.3900,60.4400,17600
1480532939,60.3950,60.4100,60.3800,60.3950,54500
1480532940,60.3800,60.3900,60.3700,60.3800,27700
1480533002,60.3800,60.3850,60.3700,60.3750,34600
1480533064,60.3800,60.3900,60.3800,60.3850,16900
1480533121,60.3600,60.3850,60.3600,60.3850,23000
1480533180,60.3400,60.3663,60.3400,60.3663,33400
1480533242,60.2900,60.3500,60.2900,60.3500,66900
1480533300,60.3050,60.3100,60.2700,60.2950,119900
1480533419,60.3154,60.3154,60.3000,60.3100,61300
1480533420,60.3300,60.3300,60.2900,60.3190,48500
1480533480,60.3350,60.3400,60.3100,60.3250,23600
1480533541,60.3300,60.3400,60.3250,60.3354,17100
1480533607,60.3100,60.3300,60.2800,60.3200,68500
1480533661,60.3400,60.3600,60.3200,60.3200,30300
1480533777,60.3156,60.3390,60.3100,60.3300,14300
1480533781,60.3600,60.3600,60.3100,60.3150,46300
1480533846,60.3550,60.3800,60.3510,60.3641,16100
1480533904,60.3200,60.3500,60.3000,60.3500,49300
1480533963,60.3254,60.3300,60.2950,60.3159,23100
1480534021,60.3300,60.3300,60.3112,60.3235,18600
1480534139,60.3650,60.3700,60.3200,60.3231,70000
1480534198,60.4022,60.4100,60.3634,60.3700,63300
1480534200,60.3540,60.4083,60.3400,60.4083,32900
1480534319,60.3500,60.3686,60.3400,60.3600,63600
1480534320,60.3300,60.3664,60.3300,60.3450,32800
1480534381,60.3200,60.3400,60.3100,60.3350,28900
1480534440,60.2950,60.3300,60.2900,60.3300,37600
1480534500,60.3000,60.3300,60.2900,60.2995,45500
1480534568,60.2900,60.3100,60.2900,60.3050,27600
1480534620,60.3150,60.3200,60.2900,60.2951,34800
1480534680,60.3300,60.3300,60.3100,60.3200,20300
1480534743,60.3150,60.3300,60.3100,60.3250,24100
1480534802,60.3300,60.3300,60.3100,60.3190,26100
1480534862,60.3200,60.3300,60.3200,60.3250,29900
1480534920,60.2900,60.3250,60.2900,60.3250,57400
1480534980,60.2800,60.3050,60.2800,60.2850,11200
1480535040,60.3000,60.3100,60.2750,60.2850,61100
1480535101,60.2952,60.3050,60.2900,60.2950,32300
1480535162,60.3050,60.3100,60.2900,60.2941,25800
1480535220,60.3100,60.3200,60.3000,60.3044,32500
1480535281,60.3400,60.3400,60.3100,60.3150,34300
1480535399,60.3350,60.3400,60.3300,60.3350,10500
1480535400,60.3350,60.3600,60.3300,60.3400,52200
1480535462,60.3600,60.3700,60.3300,60.3300,55800
1480535520,60.3750,60.3800,60.3500,60.3500,100600
1480535580,60.3450,60.3800,60.3400,60.3800,62600
1480535640,60.3650,60.3700,60.3450,60.3500,56100
1480535702,60.3550,60.3700,60.3550,60.3600,51700
1480535762,60.3800,60.3900,60.3500,60.3543,87300
1480535824,60.3800,60.3900,60.3650,60.3899,55600
1480535882,60.3650,60.3850,60.3600,60.3750,55800
1480535943,60.3500,60.3700,60.3500,60.3700,60300
1480536059,60.3565,60.3600,60.3500,60.3550,44300
1480536060,60.3500,60.3600,60.3401,60.3500,64000
1480536174,60.3378,60.3550,60.3300,60.3550,32600
1480536180,60.3590,60.3600,60.3300,60.3350,53100
1480536240,60.3550,60.3600,60.3400,60.3500,40700
1480536300,60.3400,60.3550,60.3400,60.3500,21000
1480536361,60.3200,60.3500,60.3100,60.3450,75200
1480536420,60.3350,60.3500,60.3150,60.3150,71000
1480536482,60.3007,60.3300,60.3000,60.3300,46300
1480536541,60.2950,60.3100,60.2900,60.3050,38800
1480536600,60.3050,60.3100,60.2900,60.3000,49000
1480536660,60.2900,60.3100,60.2800,60.3060,45200
1480536720,60.3300,60.3360,60.2900,60.2960,53400
1480536781,60.3200,60.3400,60.3150,60.3235,35600
1480536840,60.3250,60.3300,60.3100,60.3110,56800
1480536904,60.3700,60.3700,60.3200,60.3300,81900
1480536960,60.3700,60.3700,60.3600,60.3650,32400
1480537021,60.3750,60.3750,60.3600,60.3650,48700
1480537139,60.3610,60.3800,60.3600,60.3700,29900
1480537140,60.3650,60.3800,60.3600,60.3600,97800
1480537201,60.3750,60.3750,60.3600,60.3600,31500
1480537265,60.3700,60.3900,60.3700,60.3752,53500
1480537324,60.4000,60.4100,60.3700,60.3750,111000
1480537380,60.4500,60.4500,60.4034,60.4100,86600
1480537445,60.4050,60.4450,60.4000,60.4400,33000
1480537500,60.4300,60.4500,60.4050,60.4100,54000
1480537560,60.4600,60.4600,60.4300,60.4350,52300
1480537623,60.4400,60.4600,60.4400,60.4550,38600
1480537682,60.4500,60.4500,60.4400,60.4450,32100
1480537740,60.4200,60.4500,60.4150,60.4490,35700
1480537800,60.3900,60.4200,60.3900,60.4100,65400
1480537919,60.3790,60.3901,60.3500,60.3901,126600
1480537920,60.3750,60.3850,60.3715,60.3750,42100
1480537981,60.3650,60.3770,60.3500,60.3700,74800
1480538044,60.3500,60.3700,60.3500,60.3700,40900
1480538100,60.3550,60.3680,60.3400,60.3450,72100
1480538160,60.3200,60.3600,60.3200,60.3600,38100
1480538220,60.3350,60.3600,60.3200,60.3250,67900
1480538280,60.3350,60.3400,60.3150,60.3300,39100
1480538340,60.3650,60.3800,60.3300,60.3398,112200
1480538405,60.3650,60.3700,60.3600,60.3600,15900
1480538518,60.3950,60.4000,60.3600,60.3700,83400
1480538520,60.3950,60.4000,60.3900,60.4000,23700
1480538637,60.4254,60.4254,60.3900,60.3900,121300
1480538640,60.4350,60.4400,60.4200,60.4299,55500
1480538700,60.4250,60.4699,60.4200,60.4300,150100
1480538760,60.4450,60.4500,60.4250,60.4300,79400
1480538879,60.4699,60.4700,60.4400,60.4500,66700
1480538880,60.4950,60.5000,60.4600,60.4700,118500
1480538943,60.4800,60.5200,60.4800,60.5000,159300
1480539000,60.3700,60.4800,60.3700,60.4700,291000
1480539060,60.3700,60.4000,60.3650,60.3750,235300
1480539121,60.3450,60.3750,60.3400,60.3600,271900
1480539181,60.3500,60.3500,60.3200,60.3400,236200
1480539240,60.3500,60.4000,60.3400,60.3410,308600
1480539359,60.3572,60.3680,60.3300,60.3550,317600
1480539360,60.3850,60.3850,60.3500,60.3556,298900
1480539420,60.4000,60.4250,60.3700,60.3900,265900
1480539480,60.3550,60.4100,60.3300,60.4050,484900
1480539540,60.2600,60.3700,60.2600,60.3500,1398900
1480539600,60.2700,60.2700,60.2700,60.2700,800
1480602600,60.1100,60.1100,60.0400,60.1100,636100
1480602660,60.0650,60.1200,60.0500,60.1000,226900
1480602720,60.0100,60.0500,60.0100,60.0500,125200
1480602787,60.0200,60.0500,59.9450,59.9500,237800
1480602841,59.9800,60.0200,59.9400,60.0100,113000
1480602900,59.8950,60.0100,59.8900,59.9810,81400
1480602960,59.9300,59.9600,59.8900,59.9000,82800
1480603020,59.8300,59.9500,59.8300,59.9250,84500
1480603138,59.8827,59.9200,59.8300,59.8350,81800
1480603140,59.9400,59.9400,59.8800,59.8800,44100
1480603200,59.8800,59.9500,59.8700,59.9500,65200
1480603261,59.8350,59.8900,59.8300,59.8792,64000
1480603320,59.8250,59.8700,59.8200,59.8399,101100
1480603380,59.9300,59.9300,59.8300,59.8300,78200
1480603440,59.9100,59.9600,59.9000,59.9400,80400
1480603502,59.9100,59.9250,59.8900,59.9200,93700
1480603560,59.8900,59.9350,59.8889,59.9140,218500
1480603679,59.9400,59.9600,59.8800,59.8860,87600
1480603738,59.9800,60.0100,59.9500,59.9600,89200
1480603740,59.9800,60.0000,59.9600,59.9900,68200
1480603802,59.9500,59.9800,59.9400,59.9750,82900
1480603862,59.9700,59.9900,59.9300,59.9450,74500
1480603921,59.9500,59.9800,59.9500,59.9711,167400
1480603980,59.9493,59.9692,59.9200,59.9550,82400
1480604040,59.9300,59.9700,59.9150,59.9500,128000
1480604100,59.8550,59.9300,59.8500,59.9250,294500
1480604219,59.9037,59.9100,59.8600,59.8600,82900
1480604221,59.9729,59.9800,59.9100,59.9100,67300
1480604282,59.9900,60.0000,59.9700,59.9775,81600
1480604340,59.9500,60.0000,59.9500,60.0000,149800
1480604400,59.9600,59.9600,59.8900,59.9400,151100
1480604460,59.9900,60.0050,59.9500,59.9500,172800
1480604579,59.9850,60.0000,59.9300,59.9800,109400
1480604639,60.0050,60.0050,59.9400,60.0000,81100
1480604640,59.9700,60.0200,59.9675,60.0100,195000
1480604700,60.0200,60.0400,59.9500,59.9600,109900
1480604760,60.0500,60.0700,60.0200,60.0300,52200
1480604824,59.9970,60.0550,59.9950,60.0550,33200
1480604880,59.9650,60.0000,59.9600,59.9910,43700
1480604940,59.9900,60.0300,59.9500,59.9600,66500
1480605000,59.9263,59.9900,59.9100,59.9800,106200
1480605060,59.9150,59.9500,59.9100,59.9200,41100
1480605120,59.9100,59.9500,59.9000,59.9200,152000
1480605239,59.8937,59.9250,59.8700,59.9200,101800
1480605240,59.9100,59.9100,59.8700,59.8900,45300
1480605301,59.8350,59.9052,59.8300,59.9052,43100
1480605360,59.8430,59.8430,59.8100,59.8300,39800
1480605420,59.8300,59.8450,59.8300,59.8400,33800
1480605481,59.7800,59.8399,59.7784,59.8393,73000
1480605541,59.8000,59.8100,59.7600,59.7850,67200
1480605600,59.7800,59.8200,59.7650,59.8100,43000
1480605660,59.7200,59.7900,59.7199,59.7750,123100
1480605720,59.6700,59.7200,59.6500,59.7170,93000
1480605837,59.6547,59.6950,59.6400,59.6750,45900
1480605840,59.6790,59.7000,59.6400,59.6600,49000
1480605957,59.7099,59.7100,59.6600,59.6701,66000
1480606019,59.6600,59.7200,59.6500,59.7050,141300
1480606020,59.6500,59.6700,59.6300,59.6650,69000
1480606081,59.6550,59.6800,59.6400,59.6400,50800
1480606199,59.6290,59.6590,59.6200,59.6590,42700
1480606200,59.6250,59.6300,59.5900,59.6200,153500
1480606261,59.6150,59.6400,59.6100,59.6300,94400
1480606322,59.6300,59.6500,59.6200,59.6300,278300
1480606383,59.6300,59.6400,59.6200,59.6350,119200
1480606498,59.6000,59.6200,59.5850,59.6200,218000
1480606500,59.6200,59.6200,59.5800,59.5900,197500
1480606562,59.6750,59.6800,59.6100,59.6150,107900
1480606620,59.6900,59.7130,59.6300,59.6700,200500
1480606680,59.6150,59.6950,59.6100,59.6850,57700
1480606740,59.5550,59.6100,59.5200,59.6100,92200
1480606801,59.4900,59.5600,59.4700,59.5500,85100
1480606860,59.5100,59.5300,59.4800,59.5000,40400
1480606922,59.5050,59.5500,59.5000,59.5150,56200
1480607039,59.4345,59.5150,59.4150,59.5100,81000
1480607040,59.3700,59.4500,59.3600,59.4400,267800
1480607100,59.3550,59.3850,59.3100,59.3800,118500
1480607160,59.3850,59.4000,59.3450,59.3500,78500
1480607220,59.3200,59.4000,59.3050,59.3900,97800
1480607280,59.3200,59.3673,59.3000,59.3100,156900
1480607343,59.3450,59.3750,59.3100,59.3100,92700
1480607400,59.2900,59.3650,59.2800,59.3500,125600
1480607460,59.2800,59.3050,59.2700,59.2838,174200
1480607578,59.2599,59.2950,59.2500,59.2750,105200
1480607580,59.2750,59.2900,59.2200,59.2600,159800
1480607699,59.2950,59.3300,59.2800,59.2800,112200
1480607700,59.2350,59.2965,59.2100,59.2900,95600
1480607760,59.3102,59.3300,59.2250,59.2400,90800
1480607821,59.3200,59.3600,59.3000,59.3101,59800
1480607880,59.3800,59.4000,59.3300,59.3300,44200
1480607940,59.4262,59.4300,59.3500,59.3747,35900
1480608000,59.3800,59.4300,59.3500,59.4200,60900
1480608063,59.4100,59.4200,59.3800,59.3830,64000
1480608120,59.4500,59.4600,59.3800,59.4000,158400
1480608180,59.5000,59.5000,59.4400,59.4400,49700
1480608240,59.5000,59.5300,59.4850,59.4900,62100
1480608300,59.4766,59.5100,59.4650,59.5010,98900
1480608362,59.5100,59.5100,59.4203,59.4800,56800
1480608479,59.5054,59.5100,59.4700,59.5000,40400
1480608480,59.4690,59.5200,59.4600,59.5000,141600
1480608546,59.4600,59.4800,59.4600,59.4700,44600
1480608602,59.4000,59.4700,59.3800,59.4700,68500
1480608662,59.3700,59.4400,59.3700,59.4001,174900
1480608720,59.3100,59.3900,59.3100,59.3800,58600
1480608780,59.3100,59.3500,59.2950,59.3101,108100
1480608899,59.3050,59.3300,59.2950,59.3200,88900
1480608957,59.3244,59.3500,59.2900,59.3069,141100
1480608961,59.3300,59.3500,59.3100,59.3250,43900
1480609020,59.3000,59.3300,59.3000,59.3200,128100
1480609082,59.2850,59.3100,59.2800,59.3050,146600
1480609140,59.3300,59.3300,59.2800,59.2900,77100
1480609200,59.3200,59.3600,59.3100,59.3252,189500
1480609260,59.4200,59.4300,59.3250,59.3300,115400
1480609321,59.4500,59.4500,59.4100,59.4300,62400
1480609383,59.4500,59.4700,59.4427,59.4450,69300
1480609442,59.5200,59.5200,59.4400,59.4400,88300
1480609558,59.5287,59.5399,59.4950,59.5150,114800
1480609561,59.5565,59.5565,59.5100,59.5250,80100
1480609625,59.5550,59.5658,59.5400,59.5600,96800
1480609680,59.5000,59.5550,59.4600,59.5500,142200
1480609740,59.5064,59.5200,59.4750,59.4900,96200
1480609802,59.4700,59.5200,59.4504,59.5050,104500
1480609863,59.4300,59.4890,59.4300,59.4800,25000
1480609920,59.4500,59.4700,59.4339,59.4350,50000
1480609983,59.4311,59.4660,59.4310,59.4400,33000
1480610099,59.4450,59.4600,59.4000,59.4300,51600
1480610101,59.3700,59.4500,59.3700,59.4500,78500
1480610160,59.3699,59.3900,59.3500,59.3650,48000
1480610278,59.3901,59.4200,59.3700,59.3700,34200
1480610280,59.3700,59.4000,59.3700,59.4000,38800
1480610341,59.3792,59.3860,59.3450,59.3600,44900
1480610406,59.3400,59.3762,59.3250,59.3750,45600
1480610466,59.3350,59.3400,59.3100,59.3350,26500
1480610525,59.3350,59.3400,59.3200,59.3400,33800
1480610581,59.4000,59.4099,59.3350,59.3400,30300
1480610699,59.3850,59.4100,59.3800,59.4050,27200
1480610701,59.4052,59.4100,59.3700,59.3800,28800
1480610761,59.4500,59.4600,59.4000,59.4100,50500
1480610822,59.4800,59.4900,59.4600,59.4600,65100
1480610881,59.4200,59.4850,59.4100,59.4850,30600
1480610941,59.4550,59.4600,59.4100,59.4100,76800
1480611059,59.4200,59.4600,59.4000,59.4561,79400
1480611064,59.3800,59.4100,59.3700,59.4100,39900
1480611120,59.4100,59.4400,59.3850,59.3850,63800
1480611239,59.4061,59.4150,59.3800,59.4150,42000
1480611240,59.3800,59.4250,59.3800,59.4000,38500
1480611300,59.3400,59.3900,59.3400,59.3900,78500
1480611419,59.2950,59.3500,59.2950,59.3500,139100
1480611420,59.3455,59.3455,59.2950,59.3086,120800
1480611480,59.3356,59.3500,59.3300,59.3400,50300
1480611542,59.3600,59.3600,59.3300,59.3399,89400
1480611604,59.3400,59.3600,59.3300,59.3550,72000
1480611660,59.3100,59.3400,59.3000,59.3350,60200
1480611721,59.3100,59.3200,59.2900,59.3000,77200
1480611782,59.3250,59.3300,59.3000,59.3050,43200
1480611840,59.3200,59.3400,59.3200,59.3200,42000
1480611903,59.3000,59.3300,59.3000,59.3250,65600
1480611961,59.3050,59.3100,59.2900,59.3050,123500
1480612025,59.3050,59.3100,59.2800,59.3000,116500
1480612081,59.2750,59.3100,59.2650,59.3000,102500
1480612141,59.2600,59.2800,59.2500,59.2800,81100
1480612202,59.2550,59.2700,59.2500,59.2550,38200
1480612265,59.2000,59.2600,59.1800,59.2575,111200
1480612321,59.1800,59.2100,59.1600,59.1950,87000
1480612380,59.1700,59.2100,59.1600,59.1900,63100
1480612499,59.1850,59.1850,59.1400,59.1750,101700
1480612557,59.2354,59.2380,59.1700,59.1800,63200
1480612560,59.2500,59.2500,59.2200,59.2334,45300
1480612620,59.2000,59.2499,59.1950,59.2450,51300
1480612680,59.1900,59.2050,59.1650,59.2010,76600
1480612741,59.1800,59.2150,59.1500,59.1850,59300
1480612802,59.1800,59.2050,59.1800,59.1850,42400
1480612919,59.1600,59.1964,59.1600,59.1700,49200
1480612976,59.1867,59.2050,59.1600,59.1700,83300
1480612981,59.1500,59.2000,59.1300,59.1800,66700
1480613040,59.0800,59.1500,59.0800,59.1412,86700
1480613159,59.0700,59.1260,59.0600,59.0850,105500
1480613161,59.0600,59.0900,59.0400,59.0650,101300
1480613279,59.0800,59.0900,59.0600,59.0700,56500
1480613280,59.0500,59.0900,59.0300,59.0870,121100
1480613340,59.0650,59.0700,59.0450,59.0450,32900
1480613401,59.1100,59.1139,59.0600,59.0661,46600
1480613460,59.1350,59.1700,59.1162,59.1162,53500
1480613579,59.1461,59.1498,59.1300,59.1301,41800
1480613639,59.1300,59.1466,59.1100,59.1400,42300
1480613640,59.1200,59.1500,59.1200,59.1400,70100
1480613708,59.1200,59.1450,59.1200,59.1300,38100
1480613762,59.1300,59.1400,59.1000,59.1100,30000
1480613821,59.1600,59.1650,59.1300,59.1400,30500
1480613939,59.1300,59.1650,59.1300,59.1650,48100
1480613940,59.1260,59.1400,59.1100,59.1350,73200
1480614001,59.0850,59.1250,59.0700,59.1200,85300
1480614061,59.0599,59.0850,59.0500,59.0800,33900
1480614121,59.0300,59.0900,59.0300,59.0528,161300
1480614182,59.0292,59.0500,59.0100,59.0350,145600
1480614240,59.0100,59.0300,58.9900,59.0300,193000
1480614301,59.0000,59.0250,59.0000,59.0030,33100
1480614419,58.9800,59.0200,58.9800,59.0100,163900
1480614420,58.9800,59.0200,58.9800,59.0050,97900
1480614480,59.0100,59.0200,58.9800,58.9850,55800
1480614598,58.9550,59.0100,58.9500,59.0000,105600
1480614659,59.0650,59.0700,58.9500,58.9500,167300
1480614717,59.0048,59.0850,59.0048,59.0700,75200
1480614720,59.0100,59.0300,59.0000,59.0058,96400
1480614782,59.0100,59.0100,58.9900,59.0090,27900
1480614840,59.0150,59.0300,59.0100,59.0170,24300
1480614904,58.9900,59.0200,58.9800,59.0100,95700
1480614961,58.9800,58.9950,58.9700,58.9950,46400
1480615021,59.0100,59.0200,58.9900,58.9900,19300
1480615080,59.0400,59.0650,59.0100,59.0152,98000
1480615199,59.0061,59.0600,59.0000,59.0500,53900
1480615200,58.9999,59.0200,58.9900,59.0000,93000
1480615261,58.9900,59.0135,58.9900,59.0000,40600
1480615321,58.9954,59.0200,58.9850,58.9850,48200
1480615383,58.9900,59.0200,58.9900,59.0000,38300
1480615440,59.0000,59.0100,58.9800,58.9950,100000
1480615558,58.9950,59.0100,58.9900,59.0100,33300
1480615560,58.9800,59.0100,58.9750,59.0000,50900
1480615620,58.9750,59.0100,58.9600,58.9900,69900
1480615681,58.9600,58.9982,58.9550,58.9800,109100
1480615741,58.9660,58.9700,58.9500,58.9656,22300
1480615803,58.9900,59.0150,58.9600,58.9600,40200
1480615919,58.9799,59.0000,58.9600,58.9800,61800
1480615923,58.9799,58.9799,58.9500,58.9750,46400
1480615984,58.9850,58.9892,58.9500,58.9800,27600
1480616044,59.0400,59.0500,58.9900,58.9900,39500
1480616100,59.0350,59.0500,59.0300,59.0500,14400
1480616164,58.9900,59.0300,58.9900,59.0300,23200
1480616222,59.0200,59.0400,58.9900,59.0000,38900
1480616285,59.0300,59.0360,59.0200,59.0299,18300
1480616345,58.9808,59.0300,58.9808,59.0261,31700
1480616400,58.9750,59.0000,58.9650,58.9800,32500
1480616461,58.9692,58.9710,58.9500,58.9710,32500
1480616521,58.9500,58.9800,58.9350,58.9650,66100
1480616583,58.9500,58.9698,58.9400,58.9450,38200
1480616696,58.9800,58.9900,58.9550,58.9561,18500
1480616700,58.9850,59.0000,58.9800,58.9850,33000
1480616760,59.0300,59.0300,58.9900,58.9900,18500
1480616820,59.0600,59.0600,59.0250,59.0250,48400
1480616936,59.0810,59.0900,59.0550,59.0550,27100
1480616941,59.0300,59.0900,59.0300,59.0861,26200
1480617005,59.0200,59.0500,59.0200,59.0301,19800
1480617065,59.0534,59.0600,59.0200,59.0300,22700
1480617120,59.0800,59.0854,59.0400,59.0400,24000
1480617184,59.0600,59.0790,59.0500,59.0790,24400
1480617240,59.0800,59.0900,59.0600,59.0650,68300
1480617300,59.0850,59.0964,59.0800,59.0850,26200
1480617361,59.0600,59.0900,59.0550,59.0900,30800
1480617422,59.0700,59.0900,59.0600,59.0650,72300
1480617480,59.1200,59.1200,59.0500,59.0666,82700
1480617540,59.1250,59.1500,59.1100,59.1150,105600
1480617600,59.1450,59.1500,59.1300,59.1300,34200
1480617719,59.1523,59.1600,59.1400,59.1449,66000
1480617779,59.1608,59.1800,59.1450,59.1550,48100
1480617780,59.1753,59.1900,59.1700,59.1700,45100
1480617844,59.1650,59.1800,59.1500,59.1700,80900
1480617903,59.1000,59.1661,59.1000,59.1661,74800
1480617962,59.1300,59.1400,59.1050,59.1100,30800
1480618029,59.1250,59.1383,59.1200,59.1383,67100
1480618139,59.1500,59.1500,59.1225,59.1225,21200
1480618142,59.1650,59.1650,59.1260,59.1400,30000
1480618258,59.1761,59.1761,59.1500,59.1600,21400
1480618261,59.1450,59.1750,59.1250,59.1701,36500
1480618324,59.1600,59.1600,59.1300,59.1500,27700
1480618388,59.1650,59.1800,59.1450,59.1500,19300
1480618441,59.1900,59.1900,59.1500,59.1600,40200
1480618559,59.1799,59.2050,59.1600,59.1837,42100
1480618560,59.1800,59.1968,59.1700,59.1800,37600
1480618621,59.1500,59.1800,59.1500,59.1740,25600
1480618680,59.1400,59.1600,59.1300,59.1499,36800
1480618740,59.1100,59.1500,59.1000,59.1500,35400
1480618800,59.1366,59.1600,59.1050,59.1050,41400
1480618861,59.1400,59.1500,59.1200,59.1454,32500
1480618921,59.1400,59.1550,59.1200,59.1500,59500
1480618980,59.1400,59.1600,59.1300,59.1450,35500
1480619040,59.1900,59.1900,59.1300,59.1350,58300
1480619100,59.1750,59.1950,59.1599,59.1950,42700
1480619160,59.1700,59.2000,59.1700,59.1800,17800
1480619276,59.1650,59.1755,59.1500,59.1755,42500
1480619280,59.1575,59.1700,59.1500,59.1600,33400
1480619343,59.1600,59.1700,59.1475,59.1599,34700
1480619400,59.1400,59.1699,59.1300,59.1650,59200
1480619515,59.1410,59.1550,59.1400,59.1500,20800
1480619521,59.1500,59.1700,59.1450,59.1500,27700
1480619584,59.1550,59.1600,59.1450,59.1600,42100
1480619641,59.1500,59.1663,59.1500,59.1500,29100
1480619701,59.1650,59.1700,59.1500,59.1567,34400
1480619762,59.2100,59.2250,59.1400,59.1600,97000
1480619820,59.2800,59.2900,59.1950,59.2150,56000
1480619881,59.3550,59.3600,59.2850,59.2850,83800
1480619999,59.3001,59.3600,59.3000,59.3600,57800
1480620000,59.3250,59.3400,59.3000,59.3008,37300
1480620065,59.2900,59.3266,59.2800,59.3266,39900
1480620120,59.2800,59.3000,59.2550,59.2890,75700
1480620239,59.2662,59.2950,59.2662,59.2750,57300
1480620240,59.2834,59.2850,59.2600,59.2650,34500
1480620300,59.3090,59.3100,59.2800,59.2801,52900
1480620360,59.2700,59.3100,59.2700,59.3100,38100
1480620420,59.2750,59.2800,59.2600,59.2780,35100
1480620482,59.2600,59.2800,59.2500,59.2760,45600
1480620542,59.2500,59.2700,59.2200,59.2549,66400
1480620600,59.2500,59.2600,59.2300,59.2400,42100
1480620719,59.2600,59.2600,59.2400,59.2440,24200
1480620720,59.2600,59.2600,59.2500,59.2548,22400
1480620781,59.3000,59.3000,59.2500,59.2582,53100
1480620841,59.3200,59.3300,59.2900,59.2900,72300
1480620900,59.3250,59.3300,59.3200,59.3250,44300
1480620960,59.2950,59.3260,59.2900,59.3260,44400
1480621022,59.2950,59.3150,59.2750,59.2900,63600
1480621080,59.2950,59.3000,59.2700,59.2900,24600
1480621199,59.2950,59.3000,59.2900,59.3000,18100
1480621201,59.3152,59.3300,59.2900,59.3000,65000
1480621260,59.3300,59.3399,59.3150,59.3150,23500
1480621377,59.3329,59.3400,59.3100,59.3210,32000
1480621380,59.3400,59.3600,59.3300,59.3340,51900
1480621440,59.3600,59.3600,59.3225,59.3350,29000
1480621559,59.3501,59.3600,59.3500,59.3552,12000
1480621560,59.3050,59.3592,59.2950,59.3550,66800
1480621622,59.2750,59.3160,59.2700,59.3100,29700
1480621683,59.2550,59.2700,59.2500,59.2700,46000
1480621740,59.2600,59.2600,59.2500,59.2507,14800
1480621807,59.3200,59.3200,59.2550,59.2550,39900
1480621861,59.2800,59.3250,59.2700,59.3250,34300
1480621923,59.3010,59.3100,59.2600,59.2799,24200
1480621984,59.2950,59.3300,59.2900,59.3067,26200
1480622043,59.3100,59.3300,59.2900,59.2956,39700
1480622100,59.3000,59.3200,59.3000,59.3050,69000
1480622161,59.2700,59.3100,59.2700,59.3050,27200
1480622220,59.2900,59.3000,59.2600,59.2600,53600
1480622283,59.2700,59.3000,59.2500,59.2950,50400
1480622342,59.2550,59.2690,59.2500,59.2600,16300
1480622400,59.2300,59.2583,59.2250,59.2500,37500
1480622519,59.2450,59.2800,59.2350,59.2350,63600
1480622520,59.2500,59.2600,59.2300,59.2500,21800
1480622580,59.2400,59.2400,59.2200,59.2400,28300
1480622640,59.2350,59.2550,59.2200,59.2300,25500
1480622700,59.2100,59.2311,59.1900,59.2300,74800
1480622760,59.1800,59.2200,59.1763,59.2050,37500
1480622879,59.1935,59.2050,59.1750,59.1799,76000
1480622881,59.1800,59.2000,59.1600,59.1950,43000
1480622941,59.1800,59.2000,59.1700,59.1880,53600
1480623001,59.1900,59.2000,59.1700,59.1850,54900
1480623060,59.2100,59.2200,59.1801,59.1834,60700
1480623120,59.1710,59.2173,59.1700,59.2173,25600
1480623181,59.1700,59.1800,59.1600,59.1750,29200
1480623241,59.1800,59.1900,59.1600,59.1750,34300
1480623302,59.1650,59.2000,59.1600,59.1850,47000
1480623364,59.1600,59.1900,59.1600,59.1600,36600
1480623421,59.1400,59.1900,59.1400,59.1601,53400
1480623480,59.1360,59.1600,59.1300,59.1450,48100
1480623543,59.1264,59.1390,59.1100,59.1390,30000
1480623602,59.1100,59.1500,59.1050,59.1248,58700
1480623661,59.1000,59.1200,59.1000,59.1050,56000
1480623779,59.1000,59.1200,59.1000,59.1050,40500
1480623780,59.0950,59.1200,59.0900,59.1050,63500
1480623841,59.0500,59.1048,59.0500,59.1000,49200
1480623959,59.0558,59.0600,59.0300,59.0550,60000
1480623960,59.0600,59.0764,59.0500,59.0550,80500
1480624079,59.0250,59.0650,59.0100,59.0625,77500
1480624080,59.0600,59.0600,59.0300,59.0300,30500
1480624199,59.0365,59.0600,59.0250,59.0550,67000
1480624200,59.0300,59.0600,59.0200,59.0350,113000
1480624260,59.0400,59.0400,59.0200,59.0299,54000
1480624321,59.0595,59.0600,59.0300,59.0350,63100
1480624380,59.0600,59.0700,59.0400,59.0534,59100
1480624441,59.0400,59.0700,59.0300,59.0650,96900
1480624500,59.0500,59.0699,59.0327,59.0327,92500
1480624561,59.0400,59.0600,59.0300,59.0400,52500
1480624621,59.0600,59.0600,59.0200,59.0300,55300
1480624680,59.0700,59.0700,59.0500,59.0550,114600
1480624742,59.0800,59.0890,59.0640,59.0664,131800
1480624859,59.0550,59.0900,59.0300,59.0875,130400
1480624861,59.0800,59.0850,59.0300,59.0600,72400
1480624923,59.0500,59.0800,59.0400,59.0752,55900
1480624982,59.0900,59.0900,59.0401,59.0462,58300
1480625042,59.0950,59.1000,59.0800,59.0850,55000
1480625100,59.0550,59.1000,59.0400,59.1000,86500
1480625219,59.0540,59.0750,59.0500,59.0600,125000
1480625220,59.0100,59.0600,59.0100,59.0550,152600
1480625280,59.0100,59.0200,58.9900,59.0200,132900
1480625340,59.0100,59.0300,58.9900,59.0000,143900
1480625400,59.0550,59.0800,59.0100,59.0150,120100
1480625461,59.1250,59.1300,59.0600,59.0600,130800
1480625520,59.1300,59.1500,59.1150,59.1234,94900
1480625581,59.1400,59.1600,59.1300,59.1350,81400
1480625640,59.1450,59.1500,59.1300,59.1350,86800
1480625700,59.1900,59.2050,59.1300,59.1400,248100
1480625760,59.1800,59.1950,59.1800,59.1950,93900
1480625820,59.1950,59.2300,59.1800,59.1850,176300
1480625880,59.1800,59.2150,59.1700,59.1900,256100
1480625940,59.2000,59.2200,59.1700,59.1750,428300
1480626000,59.1900,59.1900,59.1900,59.1900,100
1483108201,62.9400,62.9800,62.8700,62.9800,597600
1483108263,62.9200,62.9600,62.9100,62.9150,58100
1483108320,62.9000,62.9450,62.8900,62.9350,63800
1483108380,62.9100,62.9350,62.8500,62.8900,65000
1483108440,62.8900,62.9050,62.8100,62.9000,97700
1483108500,62.8800,62.9500,62.8600,62.8800,85700
1483108561,62.8450,62.8800,62.8300,62.8750,45200
1483108620,62.8300,62.8500,62.8000,62.8400,23900
1483108684,62.7800,62.8500,62.7600,62.8400,78000
1483108740,62.8100,62.8400,62.7700,62.7700,66000
1483108855,62.8000,62.8100,62.7650,62.8000,22900
1483108861,62.7800,62.8218,62.7700,62.8100,51500
1483108924,62.7700,62.7800,62.7300,62.7700,64400
1483108980,62.7250,62.7600,62.7200,62.7600,39000
1483109042,62.7300,62.7757,62.7200,62.7300,32700
1483109103,62.7600,62.7758,62.7200,62.7200,34000
1483109219,62.7700,62.7900,62.7400,62.7500,44000
1483109220,62.7700,62.7800,62.7500,62.7782,25400
1483109282,62.7300,62.7650,62.7300,62.7600,23000
1483109399,62.7150,62.7400,62.7100,62.7250,13200
1483109400,62.7100,62.7400,62.6800,62.7200,54800
1483109460,62.7000,62.7200,62.6700,62.7200,40600
1483109520,62.6757,62.7200,62.6700,62.6900,37200
1483109581,62.6700,62.6780,62.6700,62.6700,23300
1483109640,62.6500,62.6800,62.6500,62.6600,16700
1483109759,62.6800,62.6800,62.6300,62.6600,28000
1483109819,62.5100,62.6700,62.5100,62.6700,152200
1483109820,62.3100,62.5200,62.3050,62.5200,307100
1483109880,62.3800,62.4000,62.2900,62.3107,104400
1483109941,62.3000,62.3900,62.2900,62.3900,66600
1483110000,62.2500,62.2950,62.2100,62.2900,174400
1483110119,62.2650,62.3000,62.1800,62.2600,141700
1483110120,62.2800,62.3300,62.2650,62.2700,43900
1483110180,62.3200,62.3300,62.2800,62.2900,63400
1483110240,62.2400,62.3400,62.2200,62.3300,60800
1483110300,62.2900,62.3200,62.2500,62.2500,34300
1483110361,62.3001,62.3400,62.2600,62.2835,50400
1483110420,62.2700,62.3200,62.2450,62.3050,52400
1483110484,62.2600,62.2700,62.1900,62.2600,65900
1483110540,62.2800,62.3000,62.2600,62.2700,16600
1483110602,62.2800,62.3100,62.2800,62.2884,38800
1483110660,62.2935,62.2935,62.2500,62.2700,48800
1483110778,62.2561,62.3000,62.2500,62.2900,29900
1483110780,62.2200,62.2561,62.2100,62.2500,23600
1483110840,62.2400,62.2458,62.2000,62.2300,72300
1483110900,62.2200,62.2450,62.2100,62.2450,22700
1483111015,62.2535,62.2550,62.2100,62.2139,34100
1483111021,62.2400,62.2700,62.2300,62.2560,19400
1483111090,62.1900,62.2600,62.1900,62.2450,28000
1483111142,62.1500,62.1984,62.1200,62.1839,63600
1483111203,62.1400,62.1836,62.1300,62.1600,38700
1483111262,62.2000,62.2000,62.1350,62.1500,24600
1483111320,62.1500,62.1900,62.1450,62.1900,43400
1483111380,62.0300,62.1400,62.0300,62.1400,110400
1483111441,62.1100,62.1200,62.0342,62.0400,86000
1483111559,62.0785,62.1150,62.0700,62.1060,67200
1483111561,62.0950,62.1200,62.0600,62.0700,50500
1483111620,62.1139,62.1200,62.0900,62.1000,40600
1483111680,62.1200,62.1200,62.0800,62.1100,74600
1483111741,62.0900,62.1100,62.0700,62.1100,52700
1483111859,62.1550,62.1650,62.0800,62.0850,33700
1483111860,62.1598,62.1900,62.1400,62.1700,64900
1483111921,62.2100,62.2200,62.1450,62.1500,53900
1483111980,62.1700,62.2150,62.1700,62.2137,69200
1483112043,62.1500,62.1899,62.1500,62.1750,54100
1483112158,62.1550,62.1700,62.1400,62.1550,48700
1483112160,62.1050,62.1501,62.1000,62.1501,53600
1483112224,62.1400,62.1600,62.1000,62.1100,55400
1483112282,62.1200,62.1350,62.0950,62.1300,57900
1483112341,62.1300,62.1300,62.1054,62.1250,13500
1483112458,62.1490,62.1600,62.1200,62.1250,42200
1483112462,62.1200,62.1600,62.1050,62.1400,63200
1483112521,62.1350,62.1400,62.1100,62.1300,23300
1483112638,62.1350,62.1550,62.1300,62.1400,33400
1483112640,62.1058,62.1350,62.1000,62.1300,29400
1483112700,62.1100,62.1157,62.0900,62.1100,31500
1483112761,62.1250,62.1250,62.1050,62.1150,21900
1483112824,62.1550,62.1700,62.1200,62.1200,38900
1483112884,62.1450,62.1599,62.1400,62.1500,28500
1483112946,62.1600,62.1600,62.1300,62.1400,18900
1483113001,62.2100,62.2100,62.1550,62.1550,43400
1483113060,62.1665,62.2057,62.1500,62.2000,52100
1483113126,62.2200,62.2200,62.1700,62.1800,10400
1483113183,62.2150,62.2400,62.2100,62.2300,22000
1483113240,62.2050,62.2200,62.1900,62.2200,23500
1483113301,62.2450,62.2500,62.2000,62.2000,45600
1483113364,62.2600,62.2650,62.2300,62.2400,34800
1483113420,62.2500,62.2700,62.2450,62.2700,31500
1483113539,62.2954,62.3100,62.2600,62.2600,34700
1483113541,62.3000,62.3100,62.2800,62.2900,21400
1483113600,62.3000,62.3000,62.2800,62.2900,41200
1483113664,62.2943,62.3100,62.2800,62.2900,14900
1483113720,62.3100,62.3200,62.2900,62.2900,16100
1483113781,62.3000,62.3201,62.2900,62.3000,17300
1483113841,62.3150,62.3150,62.2950,62.2950,11400
1483113904,62.3150,62.3200,62.3000,62.3100,18400
1483113960,62.2700,62.3200,62.2700,62.3100,37000
1483114022,62.2500,62.2800,62.2400,62.2744,12300
1483114085,62.2342,62.2500,62.2300,62.2450,11900
1483114141,62.2700,62.2700,62.2300,62.2350,25600
1483114259,62.2550,62.2900,62.2500,62.2800,21600
1483114319,62.2326,62.2575,62.2300,62.2500,14000
1483114320,62.2250,62.2450,62.2200,62.2342,20900
1483114380,62.2100,62.2300,62.2100,62.2200,15600
1483114444,62.2500,62.2500,62.2000,62.2150,27300
1483114500,62.2800,62.3003,62.2400,62.2450,56100
1483114619,62.2850,62.2900,62.2800,62.2852,11400
1483114622,62.3100,62.3100,62.2800,62.2800,15200
1483114680,62.2800,62.3196,62.2700,62.3196,27400
1483114740,62.3100,62.3100,62.2600,62.2855,30400
1483114801,62.2800,62.3100,62.2700,62.3001,24500
1483114863,62.3100,62.3100,62.2700,62.2850,36300
1483114920,62.3100,62.3200,62.2800,62.3065,29900
1483114981,62.3050,62.3200,62.2800,62.3150,20100
1483115040,62.3300,62.3300,62.3000,62.3100,15900
1483115102,62.3500,62.3600,62.3200,62.3200,16600
1483115219,62.3766,62.3800,62.3500,62.3600,29300
1483115220,62.3500,62.3800,62.3300,62.3753,33300
1483115284,62.3500,62.3600,62.3400,62.3600,12600
1483115397,62.3250,62.3550,62.3200,62.3539,32100
1483115400,62.3550,62.3839,62.3150,62.3200,36600
1483115461,62.3300,62.3500,62.3100,62.3500,22800
1483115521,62.3300,62.3500,62.3200,62.3200,10300
1483115583,62.3200,62.3350,62.3200,62.3350,7000
1483115640,62.3400,62.3500,62.3100,62.3250,30500
1483115708,62.3200,62.3500,62.3150,62.3480,16900
1483115762,62.3299,62.3500,62.3200,62.3247,20400
1483115820,62.3100,62.3200,62.3000,62.3200,12200
1483115882,62.3050,62.3200,62.3000,62.3050,21100
1483115995,62.2910,62.3100,62.2900,62.3000,12800
1483116058,62.2915,62.3010,62.2900,62.2961,12100
1483116060,62.3100,62.3100,62.2800,62.2900,15800
1483116125,62.3500,62.3500,62.2900,62.3050,19000
1483116183,62.3300,62.3500,62.3300,62.3400,9200
1483116242,62.3500,62.3500,62.3200,62.3350,41100
1483116307,62.3700,62.3700,62.3550,62.3599,20800
1483116417,62.3850,62.3853,62.3550,62.3750,28900
1483116420,62.3700,62.3900,62.3650,62.3900,35300
1483116539,62.4000,62.4090,62.3700,62.3750,70300
1483116599,62.3950,62.4200,62.3950,62.3950,29400
1483116600,62.3971,62.4100,62.3900,62.4000,13200
1483116660,62.4200,62.4200,62.3839,62.3900,21400
1483116721,62.3958,62.4150,62.3835,62.4150,25700
1483116784,62.3900,62.4150,62.3900,62.3900,30600
1483116852,62.3700,62.3864,62.3600,62.3850,27100
1483116905,62.3600,62.3791,62.3600,62.3750,8900
1483116964,62.3500,62.3700,62.3500,62.3700,10700
1483117031,62.3500,62.3600,62.3500,62.3550,9100
1483117081,62.3550,62.3550,62.3400,62.3450,23900
1483117140,62.3350,62.3600,62.3300,62.3500,23000
1483117205,62.3150,62.3650,62.3031,62.3400,84600
1483117261,62.3100,62.3299,62.3000,62.3200,33800
1483117320,62.2900,62.3200,62.2800,62.3059,32900
1483117390,62.2835,62.2900,62.2500,62.2850,42600
1483117443,62.2700,62.2900,62.2700,62.2900,34600
1483117501,62.2400,62.2650,62.2200,62.2600,98400
1483117619,62.2590,62.2700,62.2500,62.2500,46300
1483117678,62.2800,62.2900,62.2500,62.2500,20400
1483117683,62.2950,62.3100,62.2800,62.2900,28600
1483117741,62.3200,62.3200,62.3000,62.3000,16400
1483117859,62.3135,62.3250,62.2900,62.3250,35200
1483117865,62.3750,62.3800,62.3100,62.3100,54200
1483117972,62.4190,62.4200,62.3750,62.3800,56600
1483117980,62.4500,62.4500,62.4100,62.4150,57100
1483118097,62.4590,62.4590,62.4300,62.4400,30300
1483118101,62.4450,62.4600,62.4400,62.4600,59900
1483118160,62.4250,62.4500,62.4200,62.4441,42500
1483118220,62.4050,62.4250,62.4000,62.4200,18500
1483118281,62.4300,62.4300,62.4000,62.4000,51300
1483118340,62.4400,62.4400,62.4100,62.4250,27900
1483118401,62.4250,62.4400,62.4200,62.4350,26100
1483118517,62.4376,62.4376,62.4050,62.4300,26500
1483118521,62.4100,62.4357,62.4100,62.4350,24400
1483118580,62.4100,62.4159,62.4100,62.4136,15300
1483118641,62.4300,62.4400,62.4000,62.4150,56600
1483118700,62.4000,62.4250,62.4000,62.4250,28400
1483118763,62.3900,62.4050,62.3700,62.4050,22000
1483118820,62.4000,62.4100,62.3850,62.4000,16600
1483118882,62.3850,62.4000,62.3800,62.3950,23500
1483118942,62.3800,62.3900,62.3750,62.3800,41700
1483119008,62.3900,62.3995,62.3800,62.3900,15100
1483119063,62.4100,62.4100,62.3650,62.3859,19800
1483119120,62.4100,62.4200,62.3800,62.4150,34600
1483119184,62.4150,62.4151,62.3950,62.4050,11800
1483119251,62.3957,62.4100,62.3900,62.4100,18900
1483119301,62.4000,62.4000,62.3750,62.3950,30500
1483119361,62.3950,62.4100,62.3800,62.4100,26900
1483119430,62.4150,62.4200,62.3900,62.4000,19000
1483119538,62.3990,62.4100,62.3800,62.4100,44000
1483119540,62.3700,62.4100,62.3700,62.4000,56000
1483119600,62.3280,62.3850,62.3200,62.3750,65300
1483119661,62.3500,62.3500,62.2800,62.3200,91300
1483119720,62.3000,62.3450,62.3000,62.3400,48300
1483119781,62.2800,62.3200,62.2700,62.2942,39500
1483119840,62.3058,62.3200,62.2800,62.2890,44800
1483119902,62.2900,62.3041,62.2600,62.3000,53200
1483119962,62.3200,62.3245,62.2800,62.2800,22900
1483120020,62.3200,62.3300,62.3100,62.3100,27400
1483120081,62.3100,62.3150,62.3000,62.3150,28500
1483120144,62.2900,62.3250,62.2900,62.3150,38800
1483120201,62.2500,62.2950,62.2300,62.2950,70400
1483120266,62.2100,62.2557,62.2000,62.2550,68100
1483120329,62.2600,62.2700,62.2200,62.2200,41100
1483120381,62.2750,62.2800,62.2500,62.2550,18500
1483120443,62.2850,62.2999,62.2700,62.2700,33000
1483120503,62.2700,62.3000,62.2700,62.2900,17800
1483120562,62.3000,62.3100,62.2700,62.2800,54600
1483120621,62.3000,62.3100,62.2950,62.2950,23600
1483120684,62.3200,62.3350,62.3050,62.3050,19000
1483120744,62.3365,62.3365,62.3100,62.3249,52800
1483120801,62.3050,62.3400,62.2900,62.3357,38800
1483120864,62.2900,62.3038,62.2600,62.3000,43700
1483120924,62.2950,62.2950,62.2700,62.2890,12200
1483120982,62.2800,62.3000,62.2700,62.3000,14600
1483121041,62.2800,62.2850,62.2700,62.2850,15400
1483121100,62.3100,62.3100,62.2750,62.2750,26600
1483121162,62.3200,62.3200,62.3048,62.3050,18600
1483121223,62.3400,62.3400,62.3060,62.3100,20800
1483121281,62.3200,62.3400,62.3100,62.3350,36600
1483121351,62.3100,62.3200,62.3000,62.3143,12800
1483121400,62.2900,62.3100,62.2900,62.3000,33200
1483121460,62.3000,62.3000,62.2642,62.2890,34000
1483121521,62.3100,62.3100,62.2900,62.2950,28100
1483121589,62.3200,62.3300,62.3000,62.3050,28500
1483121641,62.3000,62.3150,62.2900,62.3150,9200
1483121702,62.2900,62.2900,62.2800,62.2900,29500
1483121817,62.3200,62.3300,62.2800,62.2850,15400
1483121821,62.3100,62.3300,62.3100,62.3250,20600
1483121880,62.3113,62.3300,62.3100,62.3143,24500
1483121942,62.3390,62.3400,62.3010,62.3100,36700
1483122001,62.3200,62.3399,62.3050,62.3300,15700
1483122061,62.3150,62.3200,62.2962,62.3150,17500
1483122178,62.3600,62.3600,62.3200,62.3200,24700
1483122239,62.3700,62.3700,62.3400,62.3550,8900
1483122240,62.3408,62.3850,62.3400,62.3650,31500
1483122301,62.3500,62.3700,62.3441,62.3500,16600
1483122361,62.3400,62.3559,62.3350,62.3550,24400
1483122479,62.3325,62.3400,62.3100,62.3300,22300
1483122481,62.3250,62.3300,62.3050,62.3300,20900
1483122542,62.3300,62.3400,62.3100,62.3210,14800
1483122602,62.3400,62.3500,62.3250,62.3250,21000
1483122666,62.3150,62.3400,62.3100,62.3300,9000
1483122725,62.3200,62.3300,62.3035,62.3100,32700
1483122784,62.2900,62.3150,62.2900,62.3100,39400
1483122855,62.2800,62.2879,62.2700,62.2850,21600
1483122958,62.2920,62.3000,62.2700,62.2700,16300
1483122960,62.2800,62.3000,62.2800,62.2900,17800
1483123020,62.2710,62.2800,62.2700,62.2750,12500
1483123080,62.2850,62.2900,62.2700,62.2799,17800
1483123143,62.2650,62.2850,62.2600,62.2801,15000
1483123214,62.2600,62.2700,62.2600,62.2600,7100
1483123264,62.2550,62.2700,62.2510,62.2650,15000
1483123320,62.2500,62.2700,62.2500,62.2600,12600
1483123381,62.2400,62.2550,62.2333,62.2550,31700
1483123445,62.2200,62.2300,62.2140,62.2300,29000
1483123502,62.2200,62.2400,62.2150,62.2300,18300
1483123562,62.2246,62.2300,62.2100,62.2199,9700
1483123626,62.2300,62.2400,62.2150,62.2200,16200
1483123687,62.2100,62.2300,62.2100,62.2250,11200
1483123743,62.2100,62.2150,62.1900,62.2150,24800
1483123859,62.1932,62.2050,62.1900,62.2000,16600
1483123862,62.2050,62.2100,62.2000,62.2000,9100
1483123922,62.2350,62.2350,62.2000,62.2000,12800
1483123985,62.2350,62.2400,62.2200,62.2300,16300
1483124099,62.2200,62.2350,62.2150,62.2300,13900
1483124102,62.2200,62.2300,62.2100,62.2250,19000
1483124160,62.2000,62.2300,62.2000,62.2250,19200
1483124221,62.2100,62.2200,62.2000,62.2098,15000
1483124280,62.2441,62.2486,62.2100,62.2141,20300
1483124346,62.2100,62.2500,62.1900,62.2443,33700
1483124404,62.2050,62.2200,62.2000,62.2050,16900
1483124462,62.2048,62.2100,62.2000,62.2085,4600
1483124531,62.2000,62.2093,62.1850,62.2050,29300
1483124583,62.1900,62.1931,62.1800,62.1931,21800
1483124648,62.2000,62.2100,62.1850,62.1850,9000
1483124703,62.2000,62.2100,62.1950,62.2050,17600
1483124761,62.1950,62.2067,62.1900,62.2050,11200
1483124836,62.2000,62.2000,62.1900,62.2000,17400
1483124881,62.2000,62.2000,62.1900,62.1900,22100
1483124945,62.1700,62.2000,62.1700,62.1966,55100
1483125000,62.1900,62.1900,62.1700,62.1750,42200
1483125064,62.1900,62.2000,62.1600,62.1850,173100
1483125121,62.1900,62.2200,62.1700,62.1950,58300
1483125239,62.1935,62.2100,62.1800,62.1850,33000
1483125241,62.2000,62.2000,62.1800,62.1900,27700
1483125305,62.1900,62.2050,62.1900,62.2050,8700
1483125361,62.2350,62.2400,62.1900,62.2000,44800
1483125420,62.2300,62.2500,62.2230,62.2335,21700
1483125481,62.2200,62.2300,62.2200,62.2250,11500
1483125541,62.2200,62.2300,62.2200,62.2250,17400
1483125601,62.2150,62.2200,62.2050,62.2150,18000
1483125661,62.1995,62.2100,62.1800,62.2100,33200
1483125779,62.1758,62.1950,62.1700,62.1900,16400
1483125839,62.1636,62.1866,62.1600,62.1700,44300
1483125844,62.1700,62.1800,62.1600,62.1650,24800
1483125901,62.1900,62.2100,62.1650,62.1750,48500
1483126015,62.1665,62.1800,62.1650,62.1800,25800
1483126022,62.1700,62.1800,62.1700,62.1710,14400
1483126091,62.1800,62.1801,62.1650,62.1771,22600
1483126142,62.1900,62.2000,62.1500,62.1746,240900
1483126202,62.1600,62.1800,62.1450,62.1800,38900
1483126260,62.1600,62.1653,62.1500,62.1564,14600
1483126323,62.1700,62.1850,62.1600,62.1700,36500
1483126383,62.1800,62.1850,62.1700,62.1710,10600
1483126455,62.1800,62.1900,62.1700,62.1850,19000
1483126505,62.2100,62.2200,62.1850,62.1850,30500
1483126569,62.2250,62.2300,62.2150,62.2150,17400
1483126620,62.1950,62.2400,62.1950,62.2300,36900
1483126687,62.1950,62.2100,62.1900,62.1900,16800
1483126740,62.1943,62.1980,62.1800,62.1900,21100
1483126803,62.2100,62.2100,62.1850,62.1900,30900
1483126918,62.1959,62.2157,62.1860,62.2157,28400
1483126920,62.2500,62.2500,62.1830,62.1900,118400
1483126980,62.2550,62.2550,62.2350,62.2400,14500
1483127098,62.2510,62.2700,62.2510,62.2600,12700
1483127101,62.2200,62.2550,62.2100,62.2550,54900
1483127160,62.1900,62.2250,62.1775,62.2235,30900
1483127226,62.1900,62.1900,62.1700,62.1800,15600
1483127281,62.1810,62.1900,62.1500,62.1800,51200
1483127399,62.1600,62.1800,62.1400,62.1743,40400
1483127400,62.1300,62.1700,62.1300,62.1550,88600
1483127461,62.1800,62.1900,62.1300,62.1400,37300
1483127521,62.1758,62.1900,62.1600,62.1850,30200
1483127638,62.1544,62.1800,62.1500,62.1750,22600
1483127698,62.1400,62.1535,62.1300,62.1500,33400
1483127700,62.1200,62.1500,62.1150,62.1300,59000
1483127762,62.1210,62.1390,62.1200,62.1250,23800
1483127823,62.1345,62.1400,62.1050,62.1242,40100
1483127882,62.1446,62.1500,62.1300,62.1300,7900
1483127943,62.1600,62.1600,62.1210,62.1401,78100
1483128000,62.1400,62.1600,62.1400,62.1550,16500
1483128071,62.1200,62.1501,62.1100,62.1450,35700
1483128121,62.1400,62.1400,62.1100,62.1150,17700
1483128180,62.1300,62.1500,62.1200,62.1300,22500
1483128243,62.1600,62.1650,62.1310,62.1310,42000
1483128300,62.1400,62.1600,62.1300,62.1500,28100
1483128364,62.1300,62.1500,62.1300,62.1490,24600
1483128420,62.1500,62.1545,62.1350,62.1400,24000
1483128480,62.1550,62.1700,62.1500,62.1600,12900
1483128544,62.1600,62.1700,62.1300,62.1500,54400
1483128612,62.1500,62.1800,62.1500,62.1650,35200
1483128664,62.1800,62.1850,62.1600,62.1600,18000
1483128730,62.1953,62.2000,62.1834,62.1850,23300
1483128780,62.2000,62.2100,62.1900,62.1900,51500
1483128840,62.2200,62.2300,62.1950,62.2100,38100
1483128956,62.2600,62.2700,62.2231,62.2300,45500
1483128960,62.2300,62.2558,62.2300,62.2500,40700
1483129025,62.2241,62.2350,62.2200,62.2200,12600
1483129081,62.2000,62.2300,62.2000,62.2200,28300
1483129140,62.2000,62.2200,62.1900,62.2070,54600
1483129258,62.1850,62.2100,62.1800,62.2050,27000
1483129260,62.2100,62.2200,62.1800,62.1853,37800
1483129325,62.2200,62.2300,62.2100,62.2150,23500
1483129385,62.2400,62.2400,62.2100,62.2150,21000
1483129440,62.2300,62.2400,62.2150,62.2350,52600
1483129505,62.2350,62.2400,62.2300,62.2400,11700
1483129563,62.2250,62.2361,62.2200,62.2300,22400
1483129621,62.2500,62.2800,62.2200,62.2242,62600
1483129685,62.2500,62.2800,62.2437,62.2600,44100
1483129741,62.2800,62.2800,62.2400,62.2400,36200
1483129800,62.2800,62.3000,62.2700,62.2900,48500
1483129860,62.2550,62.2900,62.2450,62.2900,31100
1483129921,62.2450,62.2550,62.2350,62.2500,34600
1483130039,62.2800,62.2850,62.2300,62.2400,55100
1483130099,62.2800,62.3000,62.2600,62.2850,94600
1483130100,62.2500,62.2800,62.2400,62.2720,35600
1483130160,62.2600,62.2600,62.2350,62.2501,33700
1483130223,62.2300,62.2650,62.2300,62.2550,17300
1483130283,62.2500,62.2600,62.2300,62.2350,46300
1483130340,62.2300,62.2500,62.2200,62.2441,70800
1483130400,62.2400,62.2450,62.2200,62.2250,58600
1483130462,62.2200,62.2350,62.2010,62.2300,68200
1483130521,62.1750,62.2150,62.1700,62.2100,70700
1483130581,62.1600,62.1950,62.1600,62.1800,57200
1483130644,62.1550,62.1800,62.1500,62.1650,54300
1483130700,62.1900,62.2050,62.1300,62.1650,112300
1483130762,62.2100,62.2258,62.1800,62.2000,74700
1483130820,62.2250,62.2375,62.1850,62.2000,73000
1483130880,62.2000,62.2300,62.2000,62.2300,38500
1483130940,62.2050,62.2100,62.1900,62.2050,70900
1483131000,62.0900,62.2000,62.0700,62.1900,502900
1483131063,62.0900,62.1100,62.0700,62.0950,204700
1483131179,62.0950,62.1000,62.0700,62.0850,178400
1483131180,62.0836,62.1050,62.0700,62.1000,164600
1483131240,62.0650,62.1000,62.0500,62.0900,188400
1483131300,62.1350,62.1550,62.0550,62.0700,334000
1483131419,62.1250,62.1500,62.1000,62.1250,259000
1483131420,62.1500,62.1800,62.1050,62.1300,462000
1483131480,62.2000,62.2199,62.1400,62.1450,363000
1483131540,62.1500,62.2300,62.1300,62.1950,1365600
1483131600,62.1700,62.1700,62.1700,62.1700,200
1489584655,64.4500,64.4900,64.4400,64.4400,384800
1489584681,64.4200,64.4500,64.4200,64.4300,54500
1489584774,64.4600,64.4600,64.4050,64.4300,31800
1489584838,64.4622,64.4650,64.4150,64.4650,67700
1489584899,64.4400,64.4700,64.4000,64.4650,25200
1489584959,64.4050,64.4500,64.3900,64.4400,29100
1489585018,64.4195,64.4400,64.3900,64.4100,29600
1489585021,64.3700,64.4150,64.3650,64.4100,28200
1489585082,64.3894,64.3894,64.3600,64.3700,24500
1489585199,64.3750,64.4100,64.3700,64.3800,139200
1489585200,64.3900,64.4000,64.3550,64.3700,31200
1489585260,64.4000,64.4000,64.3600,64.3900,43800
1489585321,64.4400,64.4400,64.3900,64.4000,52100
1489585380,64.4550,64.4600,64.4350,64.4400,29000
1489585447,64.4800,64.4900,64.4550,64.4550,83900
1489585557,64.4450,64.4900,64.4350,64.4750,59600
1489585560,64.4550,64.4600,64.4400,64.4500,34500
1489585678,64.4700,64.4700,64.4550,64.4550,32800
1489585736,64.5000,64.5000,64.4650,64.4700,40200
1489585740,64.4700,64.5050,64.4600,64.4900,105000
1489585801,64.4400,64.4650,64.4300,64.4647,38800
1489585919,64.4600,64.4600,64.4300,64.4400,21200
1489585923,64.4650,64.4700,64.4550,64.4600,16200
1489585985,64.4650,64.4700,64.4540,64.4600,17100
1489586041,64.4500,64.4700,64.4500,64.4700,22800
1489586157,64.4200,64.4500,64.4150,64.4500,31400
1489586160,64.4149,64.4200,64.4100,64.4200,13200
1489586220,64.4250,64.4300,64.4120,64.4120,14000
1489586286,64.4200,64.4300,64.4150,64.4200,11600
1489586340,64.4600,64.4600,64.4200,64.4200,28100
1489586457,64.4500,64.4600,64.4400,64.4500,21900
1489586460,64.4399,64.4500,64.4300,64.4400,13500
1489586523,64.4400,64.4453,64.4300,64.4350,13300
1489586580,64.4600,64.4600,64.4418,64.4500,15400
1489586640,64.4400,64.4568,64.4300,64.4550,34000
1489586700,64.4256,64.4400,64.4200,64.4400,19600
1489586760,64.4500,64.4500,64.4250,64.4300,31700
1489586820,64.4400,64.4500,64.4300,64.4500,24400
1489586882,64.4350,64.4400,64.4150,64.4349,30800
1489586942,64.4400,64.4400,64.4200,64.4400,13000
1489587001,64.4200,64.4500,64.4100,64.4400,79700
1489587118,64.3900,64.4100,64.3700,64.4100,104200
1489587121,64.3800,64.3900,64.3700,64.3800,19000
1489587181,64.3800,64.3800,64.3700,64.3750,12700
1489587243,64.3511,64.3900,64.3500,64.3800,35800
1489587301,64.3500,64.3700,64.3300,64.3500,45000
1489587419,64.2750,64.3500,64.2700,64.3450,74000
1489587421,64.2888,64.3000,64.2500,64.2700,74600
1489587485,64.3400,64.3500,64.2850,64.2900,41600
1489587540,64.3400,64.3500,64.3300,64.3400,12300
1489587657,64.3400,64.3500,64.3350,64.3350,9600
1489587719,64.3600,64.3650,64.3400,64.3499,52500
1489587779,64.3700,64.3750,64.3600,64.3600,10500
1489587780,64.3800,64.3900,64.3800,64.3800,15000
1489587899,64.3600,64.3900,64.3600,64.3850,41100
1489587900,64.3699,64.3700,64.3500,64.3600,16100
1489588018,64.3700,64.3700,64.3600,64.3600,21000
1489588020,64.3656,64.3700,64.3500,64.3700,19000
1489588084,64.4000,64.4100,64.3650,64.3700,56600
1489588140,64.4050,64.4200,64.3900,64.4000,45100
1489588200,64.4000,64.4250,64.3800,64.4100,36500
1489588318,64.4000,64.4050,64.3900,64.4000,23900
1489588377,64.3900,64.4100,64.3900,64.4000,17600
1489588380,64.3700,64.4000,64.3650,64.3900,15700
1489588441,64.3947,64.4000,64.3750,64.3800,14900
1489588500,64.3953,64.4100,64.3900,64.4000,15800
1489588564,64.3800,64.4000,64.3700,64.3934,23100
1489588622,64.4000,64.4000,64.3735,64.3775,32400
1489588680,64.4000,64.4200,64.4000,64.4050,22500
1489588798,64.3802,64.4100,64.3800,64.4100,23100
1489588800,64.3750,64.3900,64.3650,64.3900,18600
1489588861,64.3800,64.3900,64.3700,64.3750,24000
1489588920,64.3750,64.3900,64.3700,64.3800,11500
1489589038,64.3750,64.3800,64.3700,64.3700,13300
1489589040,64.3800,64.3800,64.3700,64.3700,18100
1489589100,64.3650,64.3800,64.3600,64.3800,33800
1489589161,64.3650,64.3700,64.3600,64.3650,23100
1489589221,64.3600,64.3700,64.3500,64.3650,38700
1489589336,64.3600,64.3700,64.3500,64.3550,20700
1489589340,64.3600,64.3600,64.3500,64.3500,13800
1489589457,64.3550,64.3650,64.3500,64.3550,25000
1489589461,64.3600,64.3700,64.3500,64.3600,47400
1489589524,64.3550,64.3800,64.3550,64.3700,38800
1489589592,64.3500,64.3600,64.3400,64.3500,29600
1489589640,64.3500,64.3500,64.3400,64.3500,28900
1489589700,64.3450,64.3550,64.3400,64.3500,62800
1489589763,64.3501,64.3600,64.3435,64.3450,57900
1489589820,64.3735,64.3800,64.3550,64.3590,17700
1489589882,64.3865,64.3950,64.3700,64.3750,37300
1489589996,64.4000,64.4100,64.3850,64.3900,51900
1489590055,64.4065,64.4100,64.3900,64.4000,37900
1489590060,64.4100,64.4100,64.4000,64.4100,4600
1489590120,64.4064,64.4100,64.4000,64.4000,24400
1489590183,64.4100,64.4150,64.4000,64.4050,21800
1489590298,64.4050,64.4100,64.4000,64.4000,9000
1489590359,64.4150,64.4200,64.4000,64.4000,37700
1489590419,64.4150,64.4200,64.4146,64.4150,16300
1489590421,64.4050,64.4200,64.4000,64.4200,27900
1489590481,64.4150,64.4200,64.4030,64.4030,13100
1489590540,64.4300,64.4300,64.4147,64.4200,35700
1489590601,64.4250,64.4400,64.4200,64.4300,20600
1489590660,64.4250,64.4350,64.4200,64.4200,35200
1489590721,64.4344,64.4400,64.4300,64.4400,18600
1489590838,64.4275,64.4400,64.4200,64.4340,23000
1489590840,64.4446,64.4446,64.4200,64.4250,45300
1489590957,64.4499,64.4500,64.4350,64.4400,16000
1489590961,64.4450,64.4600,64.4400,64.4484,34800
1489591022,64.4250,64.4450,64.4250,64.4400,26000
1489591089,64.4450,64.4556,64.4250,64.4300,67400
1489591199,64.4800,64.4800,64.4500,64.4500,27800
1489591200,64.4800,64.4900,64.4700,64.4900,25300
1489591314,64.4750,64.4900,64.4742,64.4800,10000
1489591379,64.4850,64.4900,64.4750,64.4750,11700
1489591380,64.4950,64.5000,64.4900,64.4900,13400
1489591446,64.5000,64.5000,64.4900,64.5000,23800
1489591558,64.5250,64.5430,64.5000,64.5000,46400
1489591560,64.5150,64.5300,64.5100,64.5200,31200
1489591621,64.4984,64.5200,64.4984,64.5150,22200
1489591738,64.5250,64.5300,64.4900,64.4950,32900
1489591740,64.5350,64.5400,64.5200,64.5250,18900
1489591857,64.5300,64.5500,64.5200,64.5350,49000
1489591861,64.5000,64.5300,64.5000,64.5243,15800
1489591923,64.5000,64.5100,64.4900,64.5100,13100
1489592039,64.5000,64.5200,64.4950,64.4950,19400
1489592041,64.5000,64.5100,64.4800,64.5000,52700
1489592155,64.5050,64.5100,64.5000,64.5065,7100
1489592163,64.5250,64.5400,64.5000,64.5000,73600
1489592220,64.5100,64.5300,64.5100,64.5250,15800
1489592280,64.5100,64.5198,64.5000,64.5150,33200
1489592396,64.5450,64.5500,64.5150,64.5150,40900
1489592400,64.5250,64.5500,64.5200,64.5400,52700
1489592462,64.5350,64.5350,64.5100,64.5250,16200
1489592579,64.5310,64.5400,64.5200,64.5350,18300
1489592581,64.5350,64.5400,64.5300,64.5300,16300
1489592696,64.5490,64.5500,64.5300,64.5300,34800
1489592700,64.5500,64.5600,64.5400,64.5500,95600
1489592819,64.5650,64.5699,64.5300,64.5401,23700
1489592820,64.5631,64.5800,64.5600,64.5652,13700
1489592883,64.5550,64.5700,64.5500,64.5650,40500
1489592997,64.5500,64.5600,64.5500,64.5550,5200
1489593004,64.5450,64.5600,64.5300,64.5500,21000
1489593063,64.5564,64.5600,64.5500,64.5500,12000
1489593120,64.5600,64.5700,64.5500,64.5564,20700
1489593181,64.5600,64.5600,64.5500,64.5550,3500
1489593297,64.5700,64.5700,64.5544,64.5550,18300
1489593300,64.5650,64.5700,64.5500,64.5600,18100
1489593417,64.5650,64.5700,64.5600,64.5650,7700
1489593479,64.5650,64.5700,64.5600,64.5666,8000
1489593539,64.5550,64.5650,64.5500,64.5650,15600
1489593541,64.5650,64.5700,64.5500,64.5500,8700
1489593658,64.5601,64.5700,64.5600,64.5650,2900
1489593716,64.5550,64.5700,64.5500,64.5650,14200
1489593720,64.5550,64.5600,64.5500,64.5550,16400
1489593780,64.5600,64.5600,64.5500,64.5500,66600
1489593845,64.5658,64.5700,64.5569,64.5600,11200
1489593900,64.5600,64.5700,64.5600,64.5700,56000
1489593964,64.5800,64.5800,64.5600,64.5699,21100
1489594074,64.5800,64.5800,64.5700,64.5800,5000
1489594089,64.5900,64.5900,64.5702,64.5750,27100
1489594150,64.5900,64.5900,64.5800,64.5850,8900
1489594201,64.5850,64.5900,64.5800,64.5900,26400
1489594264,64.5825,64.5900,64.5825,64.5850,56800
1489594326,64.6000,64.6000,64.5815,64.5850,36000
1489594395,64.5950,64.6000,64.5900,64.5900,3100
1489594499,64.6000,64.6000,64.5800,64.5965,44300
1489594501,64.6000,64.6100,64.5907,64.5969,31100
1489594560,64.6100,64.6100,64.6000,64.6050,7200
1489594623,64.6035,64.6100,64.6000,64.6050,5600
1489594685,64.6099,64.6100,64.6000,64.6050,7100
1489594742,64.5850,64.6050,64.5800,64.6050,23900
1489594800,64.5800,64.5900,64.5800,64.5800,6800
1489594860,64.5900,64.5900,64.5800,64.5800,10800
1489594923,64.6100,64.6300,64.5800,64.5800,34000
1489594988,64.5900,64.6100,64.5900,64.6050,11200
1489595099,64.6050,64.6050,64.5850,64.5900,9500
1489595100,64.5956,64.6050,64.5900,64.6000,8900
1489595166,64.5900,64.6000,64.5800,64.6000,14800
1489595279,64.5800,64.5900,64.5800,64.5900,3900
1489595284,64.5850,64.5900,64.5800,64.5850,7800
1489595340,64.5850,64.6000,64.5844,64.5900,17800
1489595458,64.5850,64.5900,64.5800,64.5800,6200
1489595463,64.5800,64.6000,64.5800,64.5850,17000
1489595522,64.5750,64.5900,64.5700,64.5850,18700
1489595636,64.5975,64.6100,64.5750,64.5750,34500
1489595642,64.6050,64.6100,64.5950,64.6000,18800
1489595701,64.6055,64.6100,64.6000,64.6100,10000
1489595819,64.6100,64.6250,64.6020,64.6056,50000
1489595879,64.6300,64.6400,64.6143,64.6150,31200
1489595882,64.6200,64.6300,64.6200,64.6265,19600
1489595947,64.6150,64.6200,64.6100,64.6172,9000
1489596057,64.6355,64.6380,64.6150,64.6200,14100
1489596119,64.6400,64.6460,64.6350,64.6400,22400
1489596125,64.6300,64.6435,64.6300,64.6413,13100
1489596183,64.6600,64.6600,64.6350,64.6400,51700
1489596242,64.6747,64.6800,64.6550,64.6550,20500
1489596305,64.6500,64.6800,64.6400,64.6755,25000
1489596360,64.6500,64.6500,64.6400,64.6408,7900
1489596420,64.6400,64.6550,64.6400,64.6500,12000
1489596483,64.6700,64.6700,64.6450,64.6490,25000
1489596550,64.6800,64.6801,64.6600,64.6700,13700
1489596600,64.6950,64.7100,64.6700,64.6750,38900
1489596662,64.6792,64.7000,64.6750,64.6900,17600
1489596778,64.6600,64.6754,64.6550,64.6754,21400
1489596782,64.6600,64.6700,64.6500,64.6600,12000
1489596842,64.6600,64.6650,64.6544,64.6650,5100
1489596958,64.6600,64.6700,64.6550,64.6550,14000
1489596960,64.6550,64.6650,64.6500,64.6650,11000
1489597070,64.6550,64.6550,64.6500,64.6500,24800
1489597080,64.6500,64.6600,64.6500,64.6500,7100
1489597143,64.6500,64.6550,64.6400,64.6500,13500
1489597205,64.6500,64.6550,64.6400,64.6450,11900
1489597260,64.6650,64.6700,64.6450,64.6500,26900
1489597327,64.6600,64.6700,64.6600,64.6650,20300
1489597382,64.6400,64.6600,64.6400,64.6600,21700
1489597495,64.6416,64.6500,64.6400,64.6400,11000
1489597501,64.6250,64.6450,64.6200,64.6400,57100
1489597563,64.6200,64.6270,64.6000,64.6250,27300
1489597621,64.6141,64.6200,64.6100,64.6200,7100
1489597689,64.6150,64.6200,64.6100,64.6100,14500
1489597740,64.6000,64.6200,64.6000,64.6100,55000
1489597857,64.6000,64.6100,64.5900,64.6050,40800
1489597919,64.6000,64.6100,64.5900,64.6000,57900
1489597978,64.6050,64.6100,64.6000,64.6050,7900
1489597980,64.6001,64.6100,64.6000,64.6000,14300
1489598040,64.6050,64.6088,64.6000,64.6001,7700
1489598102,64.5800,64.6059,64.5800,64.6034,67100
1489598213,64.5820,64.5857,64.5700,64.5800,11200
1489598225,64.5700,64.5900,64.5700,64.5850,15700
1489598285,64.5550,64.5800,64.5500,64.5750,34800
1489598340,64.5510,64.5600,64.5500,64.5500,44400
1489598459,64.5600,64.5600,64.5500,64.5600,6800
1489598519,64.5300,64.5600,64.5200,64.5543,70400
1489598522,64.5300,64.5350,64.5200,64.5349,14700
1489598582,64.5110,64.5299,64.5100,64.5250,33900
1489598698,64.5100,64.5250,64.5100,64.5120,25400
1489598701,64.5065,64.5150,64.5000,64.5100,28900
1489598761,64.5000,64.5100,64.4900,64.5000,13700
1489598823,64.5150,64.5190,64.4900,64.4900,36600
1489598888,64.5450,64.5500,64.5100,64.5100,36900
1489598941,64.5400,64.5500,64.5400,64.5400,24100
1489599055,64.5350,64.5450,64.5300,64.5450,9800
1489599116,64.5200,64.5350,64.5200,64.5300,15700
1489599179,64.5300,64.5300,64.5200,64.5300,15700
1489599236,64.5200,64.5350,64.5100,64.5250,57900
1489599241,64.5250,64.5270,64.5200,64.5200,7400
1489599301,64.5300,64.5600,64.5250,64.5275,68700
1489599419,64.5407,64.5407,64.5200,64.5300,19800
1489599479,64.5400,64.5463,64.5200,64.5443,23800
1489599539,64.5450,64.5500,64.5400,64.5400,6900
1489599541,64.5470,64.5500,64.5336,64.5450,66600
1489599602,64.5300,64.5450,64.5300,64.5400,10500
1489599719,64.5150,64.5359,64.5150,64.5350,28200
1489599720,64.5050,64.5200,64.4950,64.5169,55800
1489599839,64.5000,64.5050,64.4750,64.5000,39200
1489599897,64.4900,64.5100,64.4854,64.5050,13600
1489599901,64.5100,64.5100,64.4900,64.4948,12300
1489599960,64.5099,64.5100,64.5000,64.5050,22500
1489600079,64.5100,64.5100,64.5000,64.5050,8500
1489600137,64.5050,64.5100,64.5000,64.5050,8300
1489600141,64.5000,64.5100,64.5000,64.5050,8600
1489600207,64.5000,64.5100,64.5000,64.5000,8700
1489600316,64.5010,64.5100,64.5000,64.5000,8900
1489600324,64.5000,64.5100,64.5000,64.5050,14600
1489600439,64.5100,64.5100,64.5000,64.5000,13400
1489600495,64.5000,64.5050,64.5000,64.5000,5800
1489600559,64.5050,64.5100,64.5000,64.5000,16300
1489600618,64.4800,64.5050,64.4800,64.5050,21600
1489600678,64.5000,64.5000,64.4800,64.4850,19600
1489600683,64.4900,64.5100,64.4800,64.4900,30500
1489600740,64.5200,64.5200,64.4900,64.4900,27000
1489600859,64.7300,64.7500,64.5150,64.5150,292800
1489600919,64.6900,64.8000,64.6600,64.7200,224400
1489600979,64.7700,64.7800,64.6600,64.6900,66800
1489600980,64.8500,64.8500,64.7300,64.7750,143500
1489601099,64.8300,64.9000,64.7850,64.8400,90500
1489601159,64.8200,64.8900,64.7800,64.8300,163100
1489601219,64.8800,64.9200,64.8000,64.8300,160000
1489601220,64.8500,64.9100,64.8300,64.8800,73400
1489601280,64.8350,64.8600,64.8100,64.8500,37200
1489601342,64.7700,64.8400,64.7700,64.8350,34300
1489601400,64.7500,64.7850,64.7400,64.7665,150000
1489601460,64.7900,64.8050,64.7550,64.7600,86500
1489601523,64.7900,64.8100,64.7730,64.7800,65800
1489601581,64.7700,64.8200,64.7700,64.8100,75400
1489601699,64.6700,64.7850,64.6700,64.7700,114300
1489601700,64.6980,64.7100,64.6500,64.6700,69200
1489601819,64.7100,64.7300,64.7000,64.7000,118500
1489601821,64.7000,64.7100,64.6900,64.7050,114700
1489601883,64.6750,64.7200,64.6750,64.7000,70000
1489601940,64.7026,64.7100,64.6700,64.6800,42000
1489602057,64.7500,64.7500,64.7000,64.7100,32800
1489602117,64.7400,64.7600,64.7350,64.7450,69800
1489602120,64.7100,64.7400,64.7100,64.7400,44800
1489602180,64.6900,64.7100,64.6750,64.7100,61800
1489602243,64.6950,64.7100,64.6850,64.6850,35600
1489602300,64.7100,64.7200,64.6900,64.6950,80100
1489602413,64.7000,64.7200,64.6800,64.7200,89300
1489602420,64.6900,64.7000,64.6800,64.7000,19700
1489602538,64.6800,64.7000,64.6700,64.6800,26100
1489602541,64.6300,64.6800,64.6300,64.6800,39300
1489602657,64.6600,64.6600,64.6200,64.6300,32900
1489602661,64.6200,64.6650,64.6200,64.6600,31100
1489602720,64.6100,64.6500,64.6000,64.6200,42500
1489602780,64.6300,64.6300,64.6050,64.6100,29400
1489602899,64.6400,64.6500,64.6200,64.6300,11700
1489602900,64.6300,64.6550,64.6200,64.6400,54300
1489603019,64.6500,64.6500,64.6350,64.6400,12900
1489603078,64.6350,64.6500,64.6100,64.6400,39500
1489603139,64.6600,64.6750,64.6300,64.6350,92400
1489603140,64.6600,64.6700,64.6300,64.6600,35200
1489603200,64.6500,64.6650,64.6300,64.6500,31000
1489603318,64.6650,64.6700,64.6350,64.6450,22900
1489603327,64.6700,64.6700,64.6500,64.6632,61000
1489603380,64.6575,64.6900,64.6500,64.6700,48100
1489603440,64.6400,64.6700,64.6400,64.6550,58200
1489603502,64.6900,64.7000,64.6500,64.6500,71200
1489603619,64.7600,64.7600,64.7000,64.7000,80000
1489603679,64.7450,64.7820,64.7450,64.7550,60400
1489603739,64.7700,64.8000,64.7425,64.7450,81600
1489603799,64.7500,64.7800,64.7400,64.7750,42200
1489603800,64.7350,64.7550,64.7300,64.7550,100
1489603866,64.7500,64.7600,64.7300,64.7400,32400
1489603920,64.7650,64.7800,64.7500,64.7500,50700
1489603982,64.7300,64.7800,64.7300,64.7700,98700
1489604040,64.7500,64.7500,64.7300,64.7400,38000
1489604101,64.7500,64.7600,64.7400,64.7439,22900
1489604165,64.7400,64.7650,64.7300,64.7500,22600
1489604222,64.7200,64.7400,64.7000,64.7300,35000
1489604339,64.7500,64.7528,64.7150,64.7200,41900
1489604398,64.7600,64.7600,64.7350,64.7500,18800
1489604400,64.7700,64.7900,64.7600,64.7600,38900
1489604460,64.7500,64.7800,64.7500,64.7720,15600
1489604521,64.7300,64.7600,64.7300,64.7500,50900
1489604581,64.7200,64.7400,64.7200,64.7300,43700
1489604645,64.7300,64.7400,64.7200,64.7249,28000
1489604700,64.7600,64.7700,64.7250,64.7350,42500
1489604762,64.7700,64.7800,64.7550,64.7700,18100
1489604879,64.7800,64.7900,64.7600,64.7600,76400
1489604939,64.7650,64.7800,64.7600,64.7700,3300
1489604999,64.7600,64.7700,64.7500,64.7600,23000
1489605000,64.7699,64.7700,64.7500,64.7650,56400
1489605119,64.7660,64.7800,64.7600,64.7600,60000
1489605120,64.7800,64.7900,64.7700,64.7750,28700
1489605183,64.8100,64.8100,64.7700,64.7800,41000
1489605243,64.8450,64.8450,64.8000,64.8000,61500
1489605359,64.8300,64.8600,64.8200,64.8400,121800
1489605418,64.8200,64.8400,64.8100,64.8300,40300
1489605421,64.8100,64.8300,64.8100,64.8200,38800
1489605539,64.8048,64.8200,64.8000,64.8150,24000
1489605540,64.8000,64.8158,64.8000,64.8000,33000
1489605602,64.7800,64.8000,64.7700,64.8000,29400
1489605719,64.7800,64.7850,64.7650,64.7800,30800
1489605723,64.7750,64.7900,64.7658,64.7700,30300
1489605784,64.7600,64.7750,64.7500,64.7750,17200
1489605840,64.7721,64.7800,64.7600,64.7700,43600
1489605959,64.7850,64.8052,64.7750,64.7800,37400
1489606019,64.7850,64.8050,64.7800,64.7855,52800
1489606079,64.7600,64.7850,64.7600,64.7850,27000
1489606080,64.8050,64.8050,64.7600,64.7700,42800
1489606141,64.8250,64.8300,64.8000,64.8000,23300
1489606259,64.8050,64.8300,64.8000,64.8200,46900
1489606318,64.8250,64.8300,64.8000,64.8000,55500
1489606322,64.8350,64.8400,64.8200,64.8250,14100
1489606438,64.8800,64.8800,64.8250,64.8400,102200
1489606440,64.8600,64.8900,64.8600,64.8800,55600
1489606559,64.8650,64.8800,64.8500,64.8700,41400
1489606619,64.8700,64.8800,64.8600,64.8678,40700
1489606620,64.8700,64.9000,64.8600,64.8600,56200
1489606739,64.8600,64.8800,64.8600,64.8700,45200
1489606793,64.8543,64.8700,64.8500,64.8600,28500
1489606858,64.8650,64.8700,64.8500,64.8500,47600
1489606919,64.8600,64.8658,64.8500,64.8600,45600
1489606920,64.8700,64.8750,64.8500,64.8550,36300
1489607039,64.8550,64.8800,64.8500,64.8750,27100
1489607041,64.8450,64.8600,64.8400,64.8500,37700
1489607100,64.8250,64.8450,64.8200,64.8401,0
1489607218,64.8250,64.8300,64.8000,64.8300,58600
1489607279,64.7700,64.8250,64.7700,64.8250,86300
1489607338,64.7401,64.7800,64.7300,64.7750,72900
1489607340,64.7700,64.7800,64.7400,64.7400,36100
1489607457,64.7900,64.8100,64.7699,64.7700,91600
1489607460,64.8050,64.8100,64.7900,64.7900,62700
1489607579,64.7950,64.8100,64.7900,64.8050,37500
1489607639,64.8250,64.8300,64.7900,64.8000,55000
1489607640,64.8300,64.8450,64.8200,64.8250,105200
1489607759,64.7800,64.8400,64.7800,64.8350,93800
1489607819,64.8000,64.8100,64.7800,64.7800,67200
1489607820,64.7800,64.8100,64.7600,64.8050,125100
1489607939,64.8200,64.8200,64.7710,64.7850,141900
1489607999,64.7300,64.8200,64.7100,64.8200,444700
1489608000,64.7100,64.7100,64.7100,64.7100,100
